9 7329 7019 1979 2792 7023 3971 9876 8522 4622
8 2735 1332 7816 1827 6614 6441 7937 4918
5 7028 4585 7047 4438 4301
4 6740 5679 1744 4321
9 1773 6121 9701 1382 2504 4383 197 6350 2326
10 6724 5656 529 2614 1790 8883 2290 2372 2724 5575
6 7318 7211 4902 2428 6622 9329
7 3311 5514 2325 9618 327 3525 2814
3 5424 2904 4796
11 8736 7494 2825 661 3841 1633 1327 4296 1261 5312 9350
11 6689 4575 8128 3732 1965 2274 6209 2618 9391 7615 8775
9 3090 428 8743 1057 4611 6546 7393 5790 7825
9 7293 169 7513 9279 6693 9486 1822 7603 3346
8 19 7787 4167 5259 9266 7112 3850 5225
8 9979 8277 873 2088 2394 7566 4533 4949
9 8458 208 9222 4064 4871 5905 5758 8374 7833
10 7711 6786 3904 2778 6270 6788 3965 4554 5918 5370
5 2316 7580 281 7754 4483
9 8395 4558 9556 4033 6310 8476 4738 962 770
12 1209 7928 7567 5453 3139 7168 9873 2392 9088 3043 270 431
9 3555 3601 9849 3206 1935 5817 702 8122 888
9 7020 977 1835 5139 5195 8896 5013 6411 3643
7 1776 984 3578 9750 7375 9277 479
6 489 8085 4958 4152 4265 7036
9 1323 9619 4880 6921 7453 4052 9827 1704 2610
4 9090 7319 2660 6521
9 1724 330 9353 2684 4074 5940 6435 8430 8862
6 6466 4537 6473 967 199 7433
11 4536 3424 5099 3568 8132 5897 1793 1356 4054 662 2117
8 2714 4213 4376 9628 2340 2817 6637 240
7 7716 3246 2421 5388 2544 6623 5784
8 9581 6352 1967 8050 1084 2888 2597 5854
10 7957 2031 2753 3894 8465 1926 6886 2224 3528 4841
11 8587 190 5510 3429 6737 1878 9794 1726 1909 2363 9476
6 7468 8345 5046 7303 3349 5423
11 2313 3411 7755 8639 9964 5223 5476 9206 452 5607 9922
9 4058 3430 9859 1397 9467 8626 139 1426 3737
15 9626 3319 1433 5382 28 5277 2976 4795 7163 8638 8939 3526 2625 9736 6458
7 8227 3536 5687 3504 8762 9614 9766
9 5991 9021 2137 3896 6227 4473 5063 900 2029
7 9166 8970 738 3086 3837 6260 795
9 519 2512 4607 7361 5989 3447 8156 4929 4883
12 5018 3826 3146 6100 7308 8002 6193 191 2310 3408 6080 8138
5 8489 7380 7153 6174 5254
9 3647 3774 5570 2844 8427 7165 9532 5775 8925
9 9313 8179 5307 4898 9941 2127 803 9552 8154
10 2519 2198 8661 2977 8702 7751 8517 4399 8078 630
6 4387 7430 4012 3074 4281 1020
7 9679 3381 7194 7413 5230 2329 6242
10 9406 8786 4330 7887 1028 8234 3903 2868 2824 6434
9 3147 1416 2966 2306 4126 5707 2806 6993 8789
15 549 5858 9130 1977 3785 8771 8818 2985 6136 2704 4079 4678 4311 9661 5398
11 739 6969 9955 1283 5130 611 4490 7953 1195 4729 7281
11 4525 3263 1029 9690 8168 8920 5435 8463 6300 9404 3588
8 5934 7557 2547 760 1886 8897 9243 9472
8 7088 5913 742 3113 8707 204 4488 4022
5 6485 1146 6397 1279 3288
7 9402 1700 8117 4763 4303 7182 8013
16 7320 7236 2422 9026 8954 6847 9169 8712 4188 4897 759 6461 4350 8690 8866 2321
11 7810 4720 4770 5776 8114 1129 8541 706 746 4292 8308
9 4679 2110 4654 299 8790 3529 609 9770 5044
8 5402 5650 2498 78 3547 8503 9025 1558
12 8932 6357 9247 3899 2612 7244 2010 8255 5253 4129 2208 6872
8 88 2736 362 2488 8226 1731 7590 3032
9 8029 8274 1942 1807 3927 5788 9850 1404 8850
17 6663 4225 4223 8937 397 3104 282 9870 4182 9398 2795 1659 5555 1982 73 4239 5840
13 7109 2209 3370 2246 6581 2715 3379 4397 3014 1575 2880 3825 4013
5 6228 5158 5794 6543 2709
10 9187 6012 7882 8212 9145 149 1116 8211 4197 2530
8 5027 245 81 6385 8003 544 8074 1300
10 2465 7104 9523 1458 2599 7279 9311 4962 2238 784
15 3257 853 8800 6705 4164 2355 3682 8017 6556 7489 4095 2114 5848 8260 8654
10 7455 8791 6985 3736 2454 5462 9792 5588 2755 8178
7 585 854 5914 8048 1654 3023 9693
9 7864 7663 5490 3265 8090 2770 325 7002 7307
5 394 2573 6644 2746 9932
7 7186 6272 4870 9170 7954 2273 3589
7 8675 6068 8521 6053 8601 7999 835
11 6965 3773 7812 5313 764 7571 4674 2322 6715 1230 1089
9 7064 8742 7914 3780 6465 5825 2953 868 8171
9 3990 1399 9997 910 9217 6364 5266 8429 9536
7 7227 7671 3718 5676 2276 144 3033
8 5491 1192 6274 7127 9280 911 8898 1562
11 4309 9325 1200 4050 3293 5094 5843 2002 6819 8372 4759
11 658 1873 9186 101 5936 6057 3688 4778 3713 4192 5616
8 1874 9754 396 5932 1210 8480 302 2853
3 2941 7870 1555
6 5970 3073 4851 4892 6090 1064
5 6654 2026 3225 1582 6342
11 5902 3414 2437 2643 5148 2157 7044 9239 176 9032 3571
12 4583 2525 7767 7904 8607 2671 7509 6052 2280 1526 6700 9198
9 8189 4704 7385 9461 6302 3069 7311 2090 4671
11 4839 9412 8945 5777 6772 6986 6944 573 3860 9430 7223
8 5324 7876 9557 9583 6236 5842 5889 1929
9 8055 7988 1107 1680 2820 1385 9891 5718 5269
14 7553 808 5168 9880 323 7264 6990 7185 5774 0 5157 1408 4695 3514
10 4618 5112 7636 6858 6844 1347 6687 7623 9312 5665
6 6913 9109 1752 6359 3953 4417
8 5213 9045 4564 4840 1608 7537 2353 1699
10 719 4965 7420 3567 3522 960 4324 1691 5961 392
12 5727 5511 2167 6325 6226 3407 6049 2819 8163 4186 1972 626
5 6529 4503 8304 9252 8332
8 606 5049 3181 2500 4639 3664 9309 8874
12 7401 2626 8376 8494 7919 3254 1696 4419 8893 6339 6507 9013
9 6656 640 1913 4150 510 1959 8070 3229 7356
13 3168 5088 2097 4619 7526 9157 571 4934 1292 8519 1173 5819 7969
7 5716 5017 9968 3341 8572 7527 3880
14 423 7927 6808 4029 7843 7212 3195 7765 6995 6207 3559 797 7115 8648
9 1384 696 2467 1039 9343 4609 3812 6702 2138
5 2418 8394 7731 3630 142
7 4829 9231 5190 5438 5768 2848 7017
8 4066 1908 417 6982 1106 6311 6152 5460
13 6031 7534 2790 2234 9640 8454 4719 6950 221 9558 9703 747 5647
6 3651 5576 9778 5980 9372 3755
13 1993 8406 6849 8523 9023 2387 395 1514 6246 6492 1837 9831 1740
13 5971 6580 1686 928 9110 6704 1280 9057 2307 3132 4865 1829 6073
13 1883 4882 5698 285 5603 49 859 3702 5625 226 8594 6314 3087
13 4414 2180 2065 8539 9821 1548 2535 4252 2628 1156 3975 1454 6487
16 6135 8854 830 2657 7794 4768 7247 1818 9843 3876 1366 5923 3609 9811 8582 899
9 1406 1260 2589 4450 5384 3153 7586 9765 7641
9 9675 6159 4497 6741 9310 9521 8838 4374 6650
8 6884 7561 1004 357 5468 3402 7111 2271
9 187 8630 4629 5864 5419 8907 2812 9489 7391
8 1066 2230 1062 636 938 4015 722 7289
8 7210 8967 712 6464 5095 7402 5244 2427
13 1438 1453 9828 6074 9591 9296 4745 1452 2683 3413 7742 6400 9417
5 2576 9735 3088 1087 6518
22 7889 2661 2799 993 9331 5708 8550 1712 9571 3248 8714 9271 7100 1881 6153 8726 6390 1158 1507 9334 557 1306
12 2429 1634 267 1369 6754 8409 6256 3687 3959 9635 8414 5111
10 3197 3117 3395 531 1875 2070 9451 3848 5144 418
10 5335 9627 1656 4014 9048 1594 6444 4040 3012 8540
11 1194 7926 1851 2202 8197 1753 407 3695 1351 2409 1150
13 8175 3603 3624 1041 863 3552 312 6045 3369 6701 9119 321 7771
7 268 1421 8088 7813 9921 3733 8941
11 1372 300 8653 9574 8756 5874 7485 4156 638 1950 971
13 1040 8784 461 1601 7082 3684 9919 1812 4057 3286 9525 8321 6632
8 1560 9702 1910 870 8244 5988 948 8625
7 4758 8739 9604 4963 4077 1333 8022
6 1784 8761 4343 9578 8676 9677
7 3817 720 2011 5385 6287 3969 6273
10 3580 5756 4550 3678 265 6315 5973 5395 4936 7568
4 622 7097 1817 5653
11 9121 3767 7280 1991 5033 7358 8770 667 2905 4474 914
7 699 7873 5638 1579 579 8611 5037
14 7929 2780 9225 1762 6065 5098 7395 2318 2361 1204 7405 9719 316 4987
8 8102 9199 7302 7907 8689 5458 5931 6817
8 8564 4717 1706 3656 5935 5179 6505 224
14 741 6752 8191 5120 8118 126 8752 1728 2968 5977 5439 401 3224 5571
12 8420 3116 867 2311 2156 5542 6635 1092 7426 7946 603 9387
6 5615 326 8105 4672 4620 2508
9 1563 7483 1885 237 9001 4702 3928 432 7241
13 2008 6338 1508 3685 1217 4102 3354 1544 8482 9714 2457 2914 5697
10 3988 4250 2994 8469 6760 2998 3134 4926 5731 6533
8 6252 2480 959 3118 6007 1403 710 3762
9 610 2060 4316 5802 3064 4760 2030 9196 8371
11 5343 9267 4020 3772 8474 9491 3001 5353 3978 9323 939
12 6695 3632 8767 1291 7216 2287 1290 1958 2252 8947 8046 913
11 29 1111 4777 1440 1848 4531 366 927 5010 7878 2450
11 789 2693 9246 1648 4808 5339 4456 1437 792 2550 7053
9 6694 7209 5083 6423 4151 5346 2134 8865 9786
10 3208 2434 1494 1906 1643 4149 8265 220 1615 3950
11 9463 286 4251 8778 520 4621 6791 4305 4165 2169 1653
11 1273 271 2095 1871 6826 9218 4864 1798 9796 953 1547
15 7499 7975 9238 6636 5550 4551 5560 8015 2833 6589 7943 8174 4716 790 295
11 6457 7637 5535 11 2513 3946 4336 8098 3819 9759 3631
9 6912 2184 9018 2354 5255 6514 6999 9782 7783
11 1867 8892 3211 9240 3698 7218 5463 9533 1961 1966 9443
7 4959 4327 4701 1919 6355 4177 8908
10 9733 6966 9761 5484 1850 1673 1614 5587 980 8949
8 5808 6825 9152 8437 5787 5682 1191 4158
11 7287 5182 2523 7798 4814 5065 5876 3218 60 1350 5029
7 9052 8782 4561 5194 1401 807 1374
13 3758 4637 7770 2569 9413 4812 3399 8777 7476 1868 54 8684 7390
7 6745 7113 4853 9344 3916 1962 9829
8 7965 3029 7282 3223 1137 5364 5798 1805
13 5086 1315 6922 6029 85 8988 2037 182 9365 8877 1841 3244 8921
7 6633 8448 7788 7651 3570 3327 3289
10 117 4877 7438 8018 4425 6088 6354 7718 3884 4683
11 6502 9512 7918 5129 5073 2371 6617 5599 3856 944 247
7 5222 4867 1474 7095 3926 4145 6278
14 8758 3119 3501 8233 9742 5898 1289 7885 7359 1377 5110 5410 3665 5586
9 8459 7411 643 7674 8621 8980 7906 9250 3914
11 3245 5437 8500 9438 917 30 1003 5726 3781 5399 3274
14 6822 9757 3909 991 2654 4994 1542 4747 758 6295 7024 6388 632 3545
14 3049 1353 482 4756 1051 6762 9094 296 8232 6229 7261 9577 9123 1892
12 9216 2899 7278 4247 6677 3750 4297 6401 6690 1662 587 1569
15 4687 7399 6851 4648 5994 6179 3799 7099 9883 8387 9726 6118 5735 8276 8959
9 6199 118 4925 589 2588 3110 4047 3945 2152
14 7849 9450 3124 7532 3721 9492 6253 9475 8164 4906 3337 9585 3478 3836
8 7948 1 2554 3080 4364 3711 6230 6087
13 2432 8573 3165 7006 865 1513 2760 6892 9339 861 4803 8131 1574
7 957 3615 1781 9783 6116 4728 3883
6 5341 8290 8160 2188 8543 9887
10 9649 7737 1348 1124 5128 3427 7039 9517 1043 7441
5 9901 6000 8624 7362 5597
11 1414 6615 8989 7820 1450 5778 4294 9861 8340 8199 2813
14 6916 7648 5701 8833 7835 3635 5986 6588 3287 5461 7836 3929 906 9918
11 7070 6192 6493 5909 9648 8569 8123 4501 6606 623 8169
11 1178 5352 2972 7203 969 4480 391 2294 9940 5543 6750
7 9207 4807 5919 8452 7460 4338 5149
9 8024 9028 4262 6180 356 406 729 1086 2103
12 6900 895 4443 3937 8472 5883 2692 8884 8269 6294 2606 6919
6 6961 3910 6292 2476 5895 7472
7 3055 4255 8688 322 6841 7714 4191
8 4742 5507 2981 4532 682 6380 9493 6111
8 8890 1411 7052 3853 9637 1552 3838 5293
8 7140 9680 5374 9682 2821 9545 5354 7192
13 222 6711 475 4821 8293 7645 512 167 131 4991 6145 8350 8337
5 8698 7554 7830 6223 2265
3 9550 5250 1000
8 6002 4661 1639 4326 7852 4408 6603 4691
11 6361 8529 9774 6674 2279 5413 5677 6828 7533 1001 1825
5 8773 7940 1945 129 5071
14 2559 150 2973 4667 3592 6948 6011 4203 4378 8091 1764 165 9215 7855
14 9405 9852 726 6081 6880 3810 345 6542 6697 430 4267 9834 1019 6417
7 567 4123 7550 796 5274 3026 4891
10 6649 2690 9685 6248 1253 6709 8738 8008 6060 2038
9 4842 3461 7903 7205 6335 4791 1207 836 3941
13 8292 5829 1674 2213 8635 1073 7175 5703 5436 195 5454 79 6569
8 9452 871 450 7611 1713 9600 4922 5841
12 3030 6767 5816 624 2546 3803 6653 9193 3465 3887 2862 4392
9 7612 6340 1590 469 651 8641 9971 2773 3897
12 2278 4920 5411 673 5893 5531 9259 7087 2069 5873 1157 86
8 7993 9100 1409 932 4626 9970 3562 4018
6 9985 3905 8802 3858 4354 9601
14 554 1647 276 2229 2557 1216 2491 7524 2408 6358 3184 9354 6494 8669
13 4475 1613 2364 5528 4178 9607 2145 9269 2650 3984 6233 20 2509
12 3333 2748 7822 9056 1104 2925 4446 5280 5499 8375 6675 9938
10 672 697 7221 6204 889 6759 1758 9854 3517 3533
10 7475 7585 8795 2054 5785 1788 828 8468 5544 4363
3 4098 9830 492
10 7116 1970 6363 3604 3766 8971 7184 3020 2133 5596
10 6150 5377 733 4226 2251 451 2410 7348 8053 5592
7 9864 3338 2989 5154 8623 4389 9251
8 8477 965 196 2497 5736 3749 6933 9374
7 2538 3751 3187 1322 4983 4700 2658
11 5235 3066 1310 2837 2689 8478 140 1398 5944 7938 5408
12 627 6403 8821 7167 8488 8515 2301 3172 8363 8222 2666 8501
11 3371 6293 262 9203 3142 2027 8647 5072 9454 3275 7450
6 6404 709 2076 6426 5589 3207
8 9283 5054 6744 4773 2024 7011 748 2564
10 6780 9923 4068 613 9798 757 9332 4750 443 9522
13 7952 864 2969 6790 4176 4513 7154 1375 7136 3115 616 7 7696
7 6277 1054 67 851 8966 8870 9281
7 3546 3616 8303 5272 6889 7105 181
12 8509 4318 7231 8593 3309 804 2823 8082 5325 2257 1082 5545
8 2327 1628 5306 9718 8531 7409 3140 7239
11 2720 109 135 674 1048 3000 4971 1611 1359 6051 4393
10 9409 6735 6548 8441 1249 3920 8084 1661 5162 1134
8 2920 7428 9303 8887 7335 3126 9668 3771
10 4094 945 4206 1719 6250 70 3730 994 7649 526
9 8520 409 8272 9235 1976 1823 4799 3035 9749
11 3629 4502 168 9498 2232 2047 4118 2376 7034 9484 2926
8 1630 4623 9674 1517 4978 3728 1343 8957
9 4706 7777 2739 5530 9014 3422 1540 1285 9967
8 1803 6793 5884 5118 9455 1049 5209 2627
9 4307 9845 3770 2324 4825 8220 27 8403 6686
7 1227 6313 3476 9211 5221 2961 5646
8 9137 9305 2048 954 6619 1510 5865 1288
8 9799 3462 6987 7440 2891 1990 6453 5953
13 7129 8058 3818 456 8479 556 3143 5533 7828 2623 3107 1226 8069
7 3579 5358 3648 1053 4641 5294 4599
7 4428 2388 6682 693 4928 2936 6221
7 8209 5400 6155 5984 6595 2130 5173
8 6110 1968 4924 2699 8027 8861 3180 437
11 2233 3368 127 453 2490 6731 1472 2890 1624 7950 3021
11 2641 7086 7779 8753 5200 5642 3518 831 2764 8044 6870
10 4781 1010 9485 5690 1932 3415 7001 7766 8467 7173
11 2603 7668 3795 4340 9518 8668 653 4461 9660 6016 6099
7 2912 9743 8571 6384 4553 8100 8384
11 7709 1331 4400 2719 4856 107 7667 5508 1202 5416 5311
10 1860 3025 8815 5365 4568 2786 274 7851 7795 1136
12 1609 3236 6216 5835 106 9620 9653 7484 3492 9961 5538 4308
10 9920 313 8628 3506 3322 9958 8574 424 9178 3792
8 3855 5957 3761 9871 3098 5834 652 9049
10 677 3196 5995 5769 8963 7197 2064 4268 1336 8301
7 3607 3849 1511 4682 1321 8319 5003
11 5860 5541 2314 852 6042 2113 2158 6853 263 2659 1646
10 7141 2788 1955 91 9605 324 2192 4445 8710 6869
5 1097 9927 4811 9753 8499
9 5497 7255 4195 575 1451 8120 1658 3500 1254
11 3005 6164 4815 2320 8162 5389 9396 4993 7219 2185 9960
7 1005 7347 2486 1623 1865 1258 8217
8 5381 1625 9229 9099 6943 6365 8201 8377
12 9752 7471 9981 3663 8546 6520 7985 234 6723 5485 3378 6368
9 8086 5433 7119 39 816 2703 6988 2499 3637
13 7180 7191 8264 4232 2336 9428 850 7354 3178 40 1006 5456 4955
9 9020 802 2665 7961 9034 3634 2527 2586 998
13 6670 4112 9106 1709 1119 5492 5772 5131 5068 5652 4339 2836 5446
14 6662 1228 5279 8766 4645 1320 4577 9059 9373 1076 4684 7215 4042 8147
11 2061 5626 1792 3593 1071 5552 4299 3980 1809 6191 3613
10 2986 4973 174 8235 534 6992 3484 2815 1085 4243
9 3276 4966 399 3744 9007 349 7831 3097 8558
11 1170 444 5705 4998 5202 7138 4755 5302 3931 5361 6976
12 5948 9645 8077 4813 5047 6918 9115 3871 4185 1055 6019 5273
12 1757 5757 7392 8181 5951 9342 8972 6941 840 4310 5666 805
7 4894 3976 3191 2765 5634 5449 7700
13 9291 8449 4227 1417 3660 2210 9168 8613 7978 9024 8280 5407 4124
10 3239 6942 1117 7633 5133 4923 7144 2698 8221 6761
13 5440 6069 166 2601 7351 2875 6497 8724 9650 1205 1951 7597 5048
4 6189 5885 6544 6285
15 9514 8536 4828 1834 4371 1201 5624 2494 3423 8381 6881 6257 8797 9771 4091
5 5649 3475 2087 1832 820
9 6123 8309 7516 878 6775 8552 7251 9069 2993
15 3281 481 9272 2216 9595 6612 7101 5830 3464 1484 7834 763 170 4790 4193
5 2571 3291 25 707 3259
7 1593 6716 2984 6651 2845 5688 7166
10 563 1949 3446 4726 3237 3099 3405 495 6935 465
10 1637 4792 4903 767 562 3109 26 1131 8825 4120
8 7891 2343 124 2496 7702 5412 8913 955
10 9888 2742 5155 5062 1108 5138 3505 1718 307 1446
7 6160 2852 1165 2843 7530 1378 4319
12 6381 9563 8991 8051 4596 3922 6599 3626 2492 3431 4972 2617
9 9046 768 5317 8875 4901 2243 2750 2165 8677
8 9003 5060 5082 6120 7584 2175 6506 1038
14 6843 3160 4613 6353 5156 8530 9126 132 6592 2312 7625 2203 6524 3440
5 1815 1386 1272 2053 4023
13 3549 8962 4794 8346 2075 3534 8805 2193 3310 8751 1462 8905 8622
8 2079 1580 4352 3809 2721 5641 6968 3985
10 4601 4346 3554 5670 1127 3383 8356 8722 7181 5723
10 273 9105 5031 7958 2886 8216 5549 4820 3611 5896
9 8559 2711 5569 9375 9407 7888 5159 2267 3569
7 7435 2784 7366 6376 8151 776 3861
9 2738 7643 3061 6646 6433 6113 5434 7481 5547
10 7657 1879 2240 7675 5150 3048 1293 1456 7371 1247
8 4855 4826 151 6928 2697 8139 6792 5939
6 9411 5500 7686 2319 7972 7713
12 920 5856 3622 2935 4284 7295 8165 1095 2595 5415 8744 9531
11 2015 8493 9132 7286 5981 7202 7996 7781 4348 1080 7283
7 7108 9072 5525 9949 6795 1801 2163
11 9449 3468 7786 781 2827 2816 3388 8891 6439 925 2563
8 8342 9011 2731 6264 5127 3641 9304 231
4 8213 7477 8284 7061
12 5387 8262 6425 1391 5702 4767 2752 9599 5949 1435 7404 4545
6 7862 6630 2646 9568 818 3618
3 7114 2718 7376
9 6658 9458 8979 2035 4593 3439 3760 6154 1425
9 3249 9678 3339 7983 6673 2637 2908 9172 8535
14 8708 3655 7446 7394 4852 2529 6341 6010 4451 6448 108 9290 1730 5055
12 7188 1869 9074 8109 4912 1166 5812 7079 5390 1887 7708 966
8 1838 7379 3330 8424 5806 3956 1115 9573
7 5743 615 3221 1259 6323 3591 4241
10 2020 2717 7291 9040 4337 4332 5974 8942 2964 3619
15 1512 442 5724 8904 3060 2991 4237 9076 1172 7814 1898 7315 4509 8556 7617
8 2838 9566 1264 731 219 5826 1439 7133
16 1984 6584 680 8344 654 1244 5258 9308 3183 9051 7096 1120 6105 3712 1576 4662
7 8787 656 8306 4476 2253 1573 9931
16 3527 3608 2330 1203 7559 7106 9541 4996 3094 3456 4484 6934 3041 4271 9776 3987
15 9847 1655 7230 4344 42 8819 5146 7606 7517 8674 5275 9005 2389 1139 5524
10 8783 7263 6510 7964 6028 5024 8336 7349 1153 2225
9 3667 5875 4421 9900 8192 8998 5912 7123 5859
9 2296 9610 7683 1953 4161 4444 3093 5404 8364
9 2424 1676 3198 995 3906 6911 4189 5629 5760
10 2883 2642 3938 304 7466 9301 7337 480 4904 8119
6 3409 9242 974 7818 7068 251
17 8728 6842 7614 1988 2655 5420 5038 5877 3186 7022 5916 5685 2609 2019 4277 6997 9390
8 9913 211 2288 446 12 3690 9915 7459
11 7799 6526 7974 8153 420 414 5333 3480 472 635 4269
6 1528 3921 7248 5975 8397 7304
9 3103 5636 5933 6827 4541 8012 941 4049 3380
8 9820 2518 4990 7874 5780 3028 7519 3458
10 5445 9926 7724 2250 1796 1016 2007 3185 1602 3857
11 9976 8629 6498 3979 8779 3474 5450 9993 2227 4783 4530
8 4078 5282 4802 2965 1171 9176 4766 8443
13 8425 152 5962 1905 6713 4416 581 1185 5493 7436 6890 5443 7290
9 7877 2600 9378 3981 2959 4181 7992 5057 9117
7 8310 9078 5205 1470 7672 558 2620
12 961 6316 5249 4041 8313 4916 1141 2521 6770 2940 6212 5175
11 445 8187 7313 5805 9555 7577 6545 869 8717 1622 1301
8 8149 1884 3623 7176 8872 8418 3120 901
6 4008 8447 5008 4403 2909 6190
7 666 3292 5532 4092 9878 6895 7789
13 9935 5344 7003 8248 6050 5030 644 3019 3681 7288 3797 5950 1174
13 9698 6771 5766 9368 291 1183 4215 2149 5832 2851 2298 8202 9184
6 8965 9579 9764 7723 8349 9380
4 2176 8231 8969 6960
10 6263 8902 951 4384 2873 6389 1525 9781 9448 6063
5 1305 8670 5284 7042 5672
8 3693 881 1770 7872 2800 2849 2066 3617
9 3444 8104 5394 7521 919 3304 7496 1577 6127
9 6815 5920 350 9666 7469 6014 3010 8847 9336
8 4693 3170 6882 3387 9507 3787 8508 4432
7 2942 1529 884 8423 9990 845 9499
10 1447 6402 3952 819 7328 1360 4732 4982 9956 3870
7 3743 8410 6301 4515 743 1939 7049
7 4143 3202 6349 3902 1708 1858 8612
6 8484 5089 1553 5292 6964 4538
7 5881 422 5853 1956 5471 7035 7681
6 6039 7630 2596 3389 1559 9711
6 3307 7704 5076 2701 6917 4492
14 2531 2982 5976 2638 2579 7338 3844 5368 7437 1581 44 2170 6613 2540
14 6418 6927 459 7817 3701 2782 8562 4861 4908 4721 7518 5470 690 336
9 7040 3596 6749 4115 6652 6443 4857 2346 5891
16 303 8848 782 6283 8416 278 7505 1239 7008 5741 8633 1698 8267 3586 4961 8036
7 4071 1524 9633 843 8041 2933 1545
7 9347 6261 9639 1682 8606 3204 5857
9 7911 5593 4144 3299 8391 9747 7977 6676 5334
13 1335 498 6830 6897 4769 3081 1277 7539 3576 8152 3417 8196 1599
13 3149 8796 9862 8853 5754 8663 1495 4600 6576 1093 9638 4951 58
9 61 128 9812 3691 3802 3059 6559 5198 8636
