23 9488 9288 1014 3259 5318 5637 4083 5322 3825 6025 2404 2730 4226 2206 1033 3252 1534 8104 1375 7788 4548 3472 6148
25 6190 8121 7394 2253 1241 8257 4116 261 3110 4374 4992 5701 7099 8759 3470 5957 5431 944 9605 3426 5408 5294 8750 1991 819
26 6428 4949 6294 2524 421 4408 5499 5228 5274 6740 4460 9090 84 4825 1103 254 5755 4742 1335 4755 2340 2618 940 6503 5021 3570
27 9696 8678 6756 4009 4867 6816 3299 6084 6914 2062 6367 7549 9796 9264 2231 3884 8626 4372 4911 6346 7250 7897 5795 5849 1665 8360 5211
28 1566 1574 5241 598 7699 3051 931 682 1245 4874 1797 2513 4873 6434 8605 8436 270 6837 7437 1523 9597 8059 137 7734 3196 8416 4254 3531
25 9543 3452 4503 4217 6444 9504 5446 8641 4204 1747 680 3941 8129 1346 7093 9518 3737 2180 4484 6619 1227 9320 574 5635 8009
27 2198 9498 3503 8464 4227 2258 6244 5163 8680 5023 7816 4945 3314 9694 1830 2704 5187 5640 7041 7 9205 5764 77 3649 5491 6810 2894
24 4980 1924 9702 3275 9315 6236 2055 8350 609 6996 249 5737 5493 3852 2676 9386 4102 7892 8427 714 1266 340 9109 2084
27 8995 5756 7384 1505 8954 8865 9456 6547 1545 2511 4241 4064 6510 3317 339 9344 6629 4482 4133 7506 1078 9819 1800 5092 1655 2668 7690
25 3155 9764 8481 69 2395 4942 4734 7993 7415 54 6206 9207 3446 7656 618 4261 6558 3658 4876 9508 9032 196 8024 9410 7907
28 3353 7222 8952 1152 7607 9754 7866 141 6436 3813 9035 4892 3124 5048 5114 3927 4118 6039 1729 2277 269 8690 5009 5725 378 9383 6955 7502
25 6975 4065 1599 128 6474 629 590 5315 1304 1419 4456 2121 7702 8283 2407 3193 5750 827 7905 8965 3661 1263 9164 7568 4329
27 7427 9031 854 9219 294 6267 5105 3532 7484 3431 3407 2998 673 998 9295 6443 864 5328 932 2483 2177 1378 31 4237 9782 8443 8265
25 207 3123 5837 457 7707 4355 1542 7541 2843 5904 2188 8371 3889 8901 7290 2419 1578 9174 5616 4041 9377 3237 3451 3868 7796
25 2648 4797 9459 8237 2391 1487 7748 2937 8894 7000 5124 3360 2428 6338 8295 8321 9846 1476 2471 2566 4959 638 4590 2936 7527
27 9890 7096 8778 8120 2137 2024 8012 8646 3341 2175 5879 1754 9216 7157 3175 5299 9119 7912 1710 1075 8280 3627 1628 7457 6667 5513 7260
24 45 3104 9695 896 8549 9961 9186 6329 9127 6976 3010 2671 2631 2806 5458 9275 6517 9691 2376 4984 9774 5489 6561 4644
22 7662 9957 3618 6748 1554 5867 9762 974 521 4430 2465 1418 3786 8614 3088 1940 5902 783 1470 3663 2530 3748
29 1788 159 3878 4057 5349 5020 6580 4076 8488 5168 4292 7466 644 7785 3563 143 3920 4125 5385 5602 3032 8340 4613 8606 6783 9423 8195 2561 1635
24 862 2496 9522 1429 4278 2745 2846 5413 3290 1097 2761 8796 7184 1892 3971 7848 7975 6555 1072 4267 1682 4695 7885 9982
23 7006 4349 2005 1964 2912 1344 8001 6872 7462 1402 4985 1494 958 4493 8199 4499 1334 7169 9221 1543 6184 2957 7207
30 5798 7216 5886 1751 5116 5244 7158 1243 4472 848 9889 7082 1371 2790 6024 2204 611 5688 2484 7241 7686 786 2438 2374 6103 7411 2959 951 3769 124
26 9475 3492 6664 6936 4607 8072 2920 0 3170 9153 4293 741 6941 4199 2369 1469 241 2997 3714 1478 6771 4222 5937 2915 8631 6202
23 701 9282 8170 7883 7890 4082 883 7078 7257 1919 1406 3684 4438 248 6020 1432 9849 1183 9978 1626 4872 3202 9527
23 1752 9826 4169 6925 9937 184 7561 468 1749 8189 6665 92 5497 2125 3799 1732 1006 410 1372 3948 9900 9358 8932
26 4753 5467 4808 4436 1575 8239 9781 8840 8760 4533 5428 1642 9359 9570 3602 3263 9566 8405 8868 3626 6602 7477 882 1678 6656 5638
26 9321 476 3765 8547 2323 6211 2838 2142 3565 6999 6386 8109 8597 9469 5389 2362 2455 9146 5992 4999 2302 2938 3328 5375 2582 8670
24 7782 4662 6754 229 7870 7441 6162 2083 2928 4147 5015 7271 9877 588 2208 1008 1463 1827 7480 6899 1449 2848 4585 1177
25 4759 2777 4046 8108 5188 9599 106 5975 1516 2913 5441 7005 5540 9169 6120 7632 495 4972 9245 1646 8905 5996 2779 1727 4594
31 4467 3209 9075 273 7728 4093 8746 6817 2194 8603 5429 3670 1825 6780 5152 2326 7564 1866 193 5001 7994 2886 348 5283 1153 4510 4108 41 2444 5050 2497
24 4398 3533 5153 1197 9816 5224 7359 5822 2909 868 6954 3705 6772 5565 2181 6505 5979 4729 7619 8032 6784 5928 5227 7264
30 570 3076 3562 6497 1139 9790 2221 5010 7163 4630 4062 9842 4921 9728 239 4862 6220 7626 744 8608 2742 3523 2784 6913 3586 6339 8100 5280 1268 694
28 1141 1942 910 1148 3992 9268 792 6215 743 4520 4857 7771 6178 4074 1504 4955 9647 2460 401 5753 3374 8522 6761 4995 8011 9555 4502 3021
30 7735 8472 9850 6258 9930 338 9719 2591 2562 7202 3785 6918 564 6484 6100 6376 1780 4991 8856 2361 4233 3673 7389 3447 7074 6499 6532 65 6189 7540
26 2038 7487 7894 3671 3851 8798 6944 6630 4432 7328 1405 6684 2615 7844 2708 8667 2910 9911 129 6723 2732 4411 3752 3101 8879 9481
22 2414 8125 2399 7603 4514 9133 4055 3379 5811 858 3894 3067 6306 1502 5103 9926 7204 735 7730 491 119 9914
25 3440 596 6638 3701 1822 605 4673 3780 400 4431 8145 2235 5191 9387 6343 4389 1884 7293 5221 1786 1981 860 5780 3038 8385
27 8346 3042 810 1175 3036 4703 8812 9308 3986 8611 8691 2576 9232 3437 8578 3253 9016 2650 6934 9472 4319 1633 4688 6988 3173 7123 5065
24 9446 8710 2384 8615 6727 3647 4542 6263 5064 2842 6388 1358 3677 4033 4847 6759 8419 7819 1019 9335 8708 6303 9841 2494
25 1204 2365 6871 6313 408 8093 8292 871 7195 8956 6878 8066 4855 3129 613 2592 3843 6825 1202 5719 1716 9579 7631 7908 1868
29 3581 3551 6610 498 7014 7335 6234 9732 1863 309 5654 2018 9943 6160 4941 4720 7701 7363 903 1581 6678 2192 2002 3257 3208 6709 990 7861 447
26 4801 1191 698 5345 8204 2860 9549 6341 3192 1679 1680 258 198 3692 4700 7212 440 4618 3093 1107 6066 3081 2094 4998 5970 4625
26 156 5557 6461 3630 422 220 4387 1620 1121 3330 8466 4667 6457 7044 4051 8461 6083 976 6043 8676 1500 3163 7125 5398 9100 9192
26 6198 5325 8315 417 1608 7383 5478 9380 2722 6860 9857 5411 6337 4167 7378 1973 4719 2831 4075 2694 5261 2819 9778 5948 4635 5240
32 8103 2847 5740 9384 289 489 9391 1167 926 8042 833 1889 2900 5063 6375 1856 9564 3376 6494 8138 4528 146 195 6636 2065 4038 632 9894 5609 3872 6732 4037
30 2717 3425 5939 9227 4957 5066 4001 5353 7240 902 4885 7891 6318 2153 237 3061 1451 9547 418 8313 4819 3282 7263 3542 1281 5559 4592 5284 1690 1363
25 6599 1831 3704 9699 6177 1515 9238 2680 9994 9562 2426 8752 382 8373 595 7168 6514 8014 1966 5538 7601 4346 1255 7422 6804
27 9435 9328 5209 2755 7109 2201 6616 8251 1248 1329 8538 6716 9299 7893 9852 2695 762 9776 1366 370 8735 2588 8243 4367 3607 2969 9799
26 5030 9117 5134 2535 791 8968 2064 3388 1610 9634 8573 4612 2811 9091 3370 6009 7428 2988 5047 8071 8075 4721 1798 5621 5681 9154
24 94 7031 9039 3050 1994 1322 7916 3078 4689 2314 831 5827 4010 8973 6736 1343 9373 11 5180 3369 9041 5372 7555 4747
26 7256 5653 191 9079 2526 9899 9856 7768 4562 1007 5407 3925 5018 4423 4332 5539 2521 8230 5421 9711 2503 2427 1765 651 7997 4977
28 5703 1021 8049 9397 6322 4298 6752 685 550 6567 199 7282 301 2686 4633 9283 1905 5810 8198 4441 4861 2773 821 485 8770 7804 7533 75
28 3363 5952 2858 6910 1217 4252 2992 6205 2832 9203 1166 7560 5219 9763 8558 2219 2111 1720 2898 3969 5735 6370 732 6053 6533 6755 2273 3048
26 820 9417 40 6620 443 3205 2409 789 2590 8943 7802 2066 5830 9381 1221 6334 6853 9269 136 9318 1447 8527 6797 6637 8589 233
21 9601 2335 4067 3373 5360 6395 2274 2230 8222 6187 2560 1598 5205 3615 3790 1384 9486 149 7106 2467 9510
28 7047 8017 3476 8872 6864 5826 7361 3348 9660 409 5293 83 7672 5611 8814 7310 7737 1950 3539 4886 5743 1077 7987 4008 7520 2706 4353 9941
26 5254 7851 9718 4951 3867 5082 1689 3651 8642 2260 4212 6829 559 9598 414 6775 4653 8729 5715 6455 8739 88 7617 4518 4714 496
25 5233 551 8717 7723 3019 8518 9442 3648 7812 3606 2877 2657 153 9011 3594 5078 7920 8127 1347 2257 4762 7731 3633 4712 1773
24 6440 5097 3302 9033 2677 703 7988 8876 6037 4163 4515 189 2464 7758 2087 6875 6568 1296 6694 5016 6921 5618 2134 2630
25 1415 687 8885 8714 7719 9936 4185 204 3398 4443 510 4617 9390 1571 985 3255 7797 206 506 4979 9962 2544 5897 6480 3403
29 8057 5608 89 2933 291 5005 7581 3716 6299 9324 1549 7815 8808 6927 2859 8015 3152 1977 8587 535 4399 2366 6465 737 1580 5593 3719 4418 8311
25 6042 6668 5334 5966 9884 171 3669 3858 1253 6515 7767 2262 6063 1726 6350 5242 9928 6023 8069 29 7360 344 5734 5361 3227
26 2156 5475 288 7177 4628 7777 8517 111 8369 4379 7860 4368 8254 5505 9717 5098 7495 7143 3967 728 2856 3848 7991 7729 3826 9700
28 2563 1539 5898 2141 3537 9540 7356 3500 8689 3508 4383 3456 2502 9024 2108 3068 3125 5931 9105 8570 5494 897 7658 5946 4369 7107 7470 2623
27 8039 1030 5069 3462 3412 6658 6618 9986 8289 9720 9072 6272 8621 6106 8866 6571 5697 7434 6383 1617 7252 4255 6833 3092 1010 341 6479
26 8709 2766 2916 7011 8234 9721 5683 6361 5976 4679 642 3136 5220 318 6768 6963 5927 9005 2458 1859 6541 7868 9705 3168 8539 4978
24 4119 1896 4870 9273 2569 555 9184 4134 9317 452 907 7962 4414 5741 6387 5636 6589 4013 6593 4196 8484 6762 7593 2388
25 3832 523 7982 5940 7974 9406 9393 5133 1723 3635 1460 838 6968 8333 536 72 6529 2172 2476 3023 5521 2718 9535 282 9212
26 526 1492 9887 6857 6374 1257 4126 2154 5296 8150 1849 6454 3622 5720 3978 7829 705 7507 1208 3165 7666 1812 7923 8596 8819 7187
27 3233 2890 1365 3126 768 1151 9059 4004 4190 1256 7039 3315 2577 1853 9290 4727 2224 8041 279 9946 8863 9167 3111 616 6029 3422 5885
27 5500 5555 1860 2013 4926 4716 630 8645 6615 597 3865 4040 7727 8455 3585 5804 6726 52 5393 7083 5641 7311 5140 7647 2737 2925 3082
24 4960 3505 9787 3306 1969 2710 2027 4799 5397 1444 600 3393 3096 183 3805 3244 2598 7749 7567 1685 3936 3274 5591 8392
27 9049 3632 8513 60 8462 5875 194 5314 3955 3584 4918 9355 4845 4693 9653 6777 5858 2240 9503 9348 8084 5728 427 6633 9697 1738 7756
23 5919 3496 8503 3139 8651 975 6572 648 1244 6026 3616 9596 1886 303 4786 4626 3739 9301 7595 6415 1270 8715 5255
24 6507 4166 2599 3009 208 5435 6470 9883 2891 2124 6849 3759 5962 3609 7795 3293 483 151 9036 4927 426 1607 7996 3386
25 8849 1348 7613 8327 4933 4221 4545 6472 7336 6098 8334 9185 7033 3499 3231 1803 5625 3691 8323 2269 5926 6626 6390 5204 6588
28 7674 811 7698 9752 6049 1898 3130 1020 4728 3453 9769 8601 981 297 6946 4299 9195 5469 9226 9319 4462 8888 2160 3066 652 9474 5877 8465
29 6430 6340 7704 6970 1890 9831 7375 2608 5739 8211 8131 7432 6298 1094 4578 3400 1713 538 7447 3089 725 4209 7376 4850 5316 6013 556 6830 6413
27 2996 5938 7191 8052 4175 8791 9338 313 5292 9081 48 6438 4080 9673 4085 244 2702 201 3294 1506 7618 9542 2189 1237 6157 7178 7326
27 8450 7418 295 9538 1816 5696 8418 6027 5058 2574 1519 6715 5309 5108 4779 9876 386 56 7898 772 3768 4024 6501 6838 1428 8062 3634
27 3016 9136 4660 170 1597 7621 2774 9289 5035 6672 8824 9750 4823 855 4551 2256 4258 5816 3433 1569 3725 8838 4287 4026 7900 5042 2518
26 6261 7781 5595 1037 928 5658 9915 3103 1759 8122 5404 6010 5024 895 9672 4207 398 6863 7325 9206 8188 1594 7166 4643 9404 9343
27 6392 6214 6959 8875 7367 8526 9989 4348 257 2120 6143 6176 5664 1894 1050 7476 1216 9511 9341 155 8853 640 5805 7152 2487 1875 8696
25 5832 3856 4066 5675 6563 8281 4273 107 1532 995 5818 3174 6471 1706 4109 7365 1684 7874 7954 3483 9523 8994 7741 8768 7456
25 2822 3171 3643 7115 7151 7637 3079 888 4272 6856 3553 9158 580 6075 2341 7181 2272 5165 757 9201 2498 1486 1705 4235 8629
24 625 8415 9785 9096 4069 6274 5769 8318 6585 5890 5427 628 3389 7834 6526 2696 6194 6158 5765 1337 6704 8928 7978 4347
28 2870 5944 5237 2756 8820 8663 3049 8494 9491 4888 5238 9500 3020 140 8925 475 8221 4541 3916 6107 6342 8922 8955 2514 4437 7424 6142 3232
25 719 2713 8027 2479 9625 1238 8528 1207 1074 2325 1618 4090 7924 7196 2727 8921 8947 8612 4744 2905 7659 517 5543 3334 3517
28 2711 6245 3264 4250 2346 5639 8486 7419 1233 6705 3058 1698 8255 169 4328 1906 1941 4086 9144 1230 8354 1658 5091 6832 7968 2895 2952 722
24 6197 5984 4937 9150 949 3541 7316 7671 3304 6666 2097 8294 2818 3828 3108 1828 7425 7403 885 4624 4042 3311 8619 9418
28 5876 9243 3501 4535 1080 3267 2673 2435 800 3320 4684 3131 4294 5833 1137 3650 7210 4016 658 4810 2284 1546 2264 8146 2261 1015 1399 9770
28 7849 5160 4807 2971 9190 7185 7538 4145 5297 9247 6882 6601 2165 30 2739 8497 8720 2754 3751 9897 7085 3022 5017 6366 3652 2616 7655 8753
23 7642 1468 874 4476 2057 236 3803 2331 2595 4019 1459 4943 2581 1632 3718 2543 6467 4505 9865 47 5712 4354 2678
25 7229 5245 9052 7519 1681 704 4950 8728 1564 8507 6291 3054 3672 8210 3056 5060 9088 4849 298 880 9277 5459 2716 3530 2980
27 804 8870 7060 5724 8368 6902 4809 4588 6357 2132 5768 2984 6418 5378 2200 2453 9530 3261 8795 7454 8923 661 105 852 9015 6974 960
25 327 7720 4650 6815 1462 5 5166 6393 1127 7709 3507 1490 5972 131 1240 7127 2871 8064 1331 2964 7858 7261 9064 869 4901
25 4852 846 665 7295 4123 785 3001 1750 499 4289 1693 8889 4835 6892 6380 6743 9683 3371 8312 8521 2336 4584 8081 7319 9163
25 7313 7251 2506 3318 6309 8638 9078 6574 5694 9490 5093 2300 1887 4609 1823 1164 6071 9013 8576 5819 1877 4490 7789 7805 1911
25 7855 5197 2205 1059 2339 1229 2536 4264 3277 2389 3382 1664 2658 1169 8171 8161 2486 1328 121 5549 1967 7926 4135 2267 7649
26 9151 8590 6152 5483 9974 6007 2950 9457 5053 2320 3515 1701 7043 6365 2945 812 6939 490 3915 242 2025 5173 6929 8743 7608 8805
23 2584 23 7929 1422 1441 5303 3821 6097 3086 2986 3488 8038 604 6403 3378 2127 4968 5305 8306 5685 5002 3285 419
24 9360 2855 7084 8910 6826 7981 9436 7390 51 353 7989 5808 984 9734 9487 7585 2726 8452 3561 5575 4664 5569 9388 1778
27 3902 1060 9248 9606 1051 8273 3680 7691 9183 5748 6276 6138 3416 2080 9334 512 6530 2216 9070 6087 945 9379 3559 5110 6881 8216 7414
25 1826 8406 9155 5537 667 7992 1283 3151 2179 7291 8832 6582 3629 8761 6698 6877 7943 7780 9938 9789 1254 6447 8298 7004 8694
27 8372 4238 2614 6869 1095 93 3156 8499 8593 4504 4101 7400 3246 4925 2549 1838 9002 830 8259 6525 5452 6489 6886 9342 1975 4890 7471
23 7914 3991 9632 4455 4739 6859 9853 2558 7213 5874 8329 361 1391 5331 6394 1696 8531 1479 6260 8782 2807 4707 6491
26 2995 474 6640 6973 1025 6221 7840 7755 3802 5843 5659 4732 1948 9455 9424 4750 1073 2112 2816 712 1017 1583 2990 5285 2786 7577
26 7901 9441 4917 7279 6753 5916 1735 3254 5311 4696 6701 8675 9326 494 4623 5150 608 3736 3689 8852 2926 2211 2828 5789 9431 2681
25 1660 8927 8324 2186 1760 5201 9362 530 2917 9254 8284 4410 7344 2970 3599 5631 9875 4491 4816 312 6251 9563 1184 1235 8314
25 8299 994 4091 9454 9669 8933 8201 2322 7597 1082 2122 7300 1294 9325 2309 5708 5087 5762 9331 9620 44 8731 5317 9873 5674
27 9191 3665 4088 7020 4005 4393 1340 3215 9376 9839 8144 3923 8338 4902 5573 3142 7226 6243 4920 3307 8742 1957 5660 7100 937 9724 6835
26 9714 8364 3579 6463 2965 3150 5520 8500 3520 4864 3035 8106 8115 2845 4829 6644 5422 9473 9199 7017 2612 6325 8110 9869 7854 1185
26 9738 9157 2813 6623 8936 1674 3984 8700 5757 4178 2355 9628 2743 5346 9197 4106 599 4781 9028 3097 5155 6011 5196 3226 9838 7559
30 4891 9447 7329 7309 5171 3836 9803 9892 3882 2021 4095 7614 9952 5913 5909 3344 1736 4557 1291 1284 6831 7255 2669 3224 4783 4681 9134 1071 764 6014
27 660 1938 915 8083 5460 5229 9235 5784 2960 6069 8815 3094 6873 6841 8175 1613 3754 6958 154 2932 8229 6254 7505 20 4895 5481 411
26 4634 9506 7232 81 8831 6750 8476 4564 8967 8332 6378 4669 6998 6512 1903 9429 2628 433 5920 1318 3910 6828 8225 7850 4419 3116
27 1134 8128 6482 5206 9520 8471 5125 4948 8274 594 872 1003 7623 5477 3102 2364 2425 7510 6314 1251 7895 6289 3219 8068 2670 8898 7162
24 3875 8983 7458 5574 1737 5857 3281 9658 1852 67 9736 4276 7558 9471 4359 260 5264 3133 9022 1958 9353 8891 7399 6301
28 8033 1512 8851 3385 9139 6731 9350 9425 1609 2547 7935 6238 3981 8878 2348 7853 633 2173 4649 8156 1041 6477 1497 9667 6573 8402 2249 1766
25 5465 7609 552 4803 4144 7286 5596 7405 2303 4388 7032 1320 1650 6406 9609 9066 3184 8331 2023 7034 7967 692 4820 3404 1099
27 2234 8394 108 3 7667 1042 3225 6212 6277 569 3975 3730 8886 3034 1114 8867 5236 6528 4854 2356 296 2865 4741 3938 5729 3829 4331
24 7760 8432 1410 7147 606 1802 6764 1089 4519 4428 861 1416 7155 8336 1563 7971 7497 9859 5624 8672 8219 7677 1473 7722
25 835 3782 6935 5400 6255 8966 2868 4880 1692 4544 2539 6486 4157 6521 4054 9480 829 6165 4651 8363 1361 8658 575 9349 2288
26 9670 9888 3119 1205 5156 2168 9772 3783 6994 1871 7135 1023 1102 9707 8999 1156 9701 3365 4971 5710 7306 2505 7801 9995 9330 9768
23 1959 3247 4458 5109 4834 8711 2622 5302 1676 1557 1647 3686 1249 9830 1645 4879 1058 3750 695 9572 6932 8640 5269
29 4260 3258 5310 9378 6073 970 6452 1657 1259 2100 6763 3795 1796 777 8348 1392 2312 6725 3466 7710 1814 6241 5589 2095 6717 4954 5507 1946 6246
27 2823 9635 8543 5247 8829 4286 221 2136 4003 5028 5550 1280 213 2893 999 2660 8702 3566 6259 3617 8881 6702 6324 5650 8986 1212 5453
25 1179 2086 3656 9408 375 7087 4486 1888 9126 2474 322 7712 6483 3250 3571 5799 6549 8382 1031 1974 5615 2105 3668 3580 582
28 6845 9692 280 6992 5721 7976 8701 7299 6978 8993 3280 9993 9677 7596 6174 751 1536 7803 1789 7762 7786 8557 1311 3450 2329 9444 362 3143
29 4760 3534 5553 3845 6278 8417 8178 4550 6535 1694 8877 5852 8775 3747 6565 1611 7129 2344 1510 3874 942 2953 6201 3710 7214 3468 9573 5410 6088
27 7937 7245 6151 487 350 4156 1854 3905 7268 6697 3743 1319 6993 1498 2015 5394 2299 3473 6689 3395 4537 2796 2627 3345 8092 8307 5107
26 1813 8152 839 6231 7769 6016 1222 7869 5071 3286 5281 5782 7431 9630 247 755 3621 4056 4216 5358 3112 7396 3779 9829 6173 8909
25 9814 4060 6250 1776 5693 8022 4174 2509 5998 1630 6908 9434 7233 6439 5924 650 9239 959 1912 8962 3943 8077 1540 6179 63
21 3210 3640 8906 6718 1677 7278 5146 6609 2826 3251 8762 5627 7103 3007 6349 1953 8818 4297 3057 5365 6017
28 1377 188 9891 479 5251 675 9495 7038 4370 7847 4401 1069 6811 3026 5443 9122 5239 1910 7634 9265 8998 8929 6478 6408 7281 8953 8945 5738
27 4830 2954 460 678 7327 150 980 615 9029 2495 8686 7588 4351 9400 8034 7003 2665 329 5141 160 7228 2883 2866 6052 6161 4771 849
28 2378 9740 8286 1842 7543 8421 2770 4117 4785 5951 2397 1695 9279 2551 1052 4139 2692 9999 7635 3217 7198 770 25 9766 4811 3218 870 5988
25 4611 3249 5336 1196 7173 3698 7867 1236 2232 5425 3506 5000 5306 245 1057 6850 2319 1757 7113 2392 818 240 3072 6663 7272
28 8267 1330 1590 8950 4629 6485 3091 2853 9499 7091 8089 2276 3269 5577 8319 6050 5672 4860 7064 657 7451 4620 2619 464 4973 2119 4708 7134
24 7678 42 2874 9559 3702 2058 365 437 2552 3392 9651 3812 7012 3605 5013 759 5271 9541 3823 7998 9633 8228 4962 6906
27 395 436 5941 7219 2633 3380 1794 541 9240 4110 1309 4565 3543 2759 6591 3287 5464 2131 5893 6679 8902 2478 3289 3457 2904 7764 9827
24 187 1846 2241 1779 6030 684 9467 1258 4938 5514 1163 1321 428 539 214 3043 7433 3397 4283 3352 7192 6798 8151 8799
29 3039 4805 275 7042 9967 4903 209 9531 8628 3548 394 9367 8223 5880 7023 7208 1252 3564 6196 2196 9333 9602 2638 5527 6745 2311 2902 2879 6596
27 1764 4466 2793 5903 968 9095 1639 380 5074 4665 4136 5118 1044 9923 6749 6692 1272 5628 7262 774 7535 1529 8192 8533 103 9018 2783
22 1109 9594 9202 5534 4573 4313 794 1602 7942 4952 9250 643 8713 6758 8271 2515 1201 6109 2978 5386 7938 9802
27 2851 7946 3260 1178 9263 5714 7489 6522 1032 6230 413 2255 3839 3132 3477 938 4043 8186 4429 9137 4445 316 4746 6041 9244 6269 6576
30 5266 4189 2202 9037 6819 6410 9165 320 9795 484 2707 8258 9862 5106 2724 9902 6175 6861 1640 5468 3973 5363 8326 3577 809 7164 4683 3664 4586 6405
27 9053 7205 3972 3339 1421 6379 2238 7142 2183 8296 4687 8639 7112 3896 6104 8291 6381 8233 9663 3230 7461 3994 3015 2712 8774 3913 2451
23 4804 7235 5889 6961 6767 8381 7675 925 9771 7525 8989 5820 6611 2187 1781 9758 9578 9574 3613 8542 2523 2481 900
26 3636 3181 6928 3844 706 6779 9565 9451 3166 545 924 7130 8780 4488 492 4555 5733 4711 2159 6101 4427 2454 9582 1022 2431 6135
28 2734 7511 1983 9076 2236 7464 4589 4350 7374 9087 8035 2833 9964 2424 7126 4740 7591 5212 7373 364 5871 3861 7073 8823 2170 1079 4014 519
25 3827 8431 3953 7183 2138 8572 4444 1360 715 8892 7118 6114 1353 4549 5825 8997 6700 8163 8287 5380 9101 8117 8317 8180 7652
24 4574 2795 144 1220 4567 8564 6919 2071 9976 584 4511 9552 3662 5989 7027 9749 7814 4007 4912 6335 6916 6074 5418 3188
25 8141 6557 7529 6669 653 6125 1996 5512 358 8245 4547 4081 639 7725 8370 6466 2798 6232 3964 5172 8836 1815 6008 9866 5033
26 2603 2550 8850 9636 2801 3528 2738 5821 1688 4290 7939 9218 1929 533 1456 7500 1246 6285 7657 8763 7055 4271 5471 806 953 9837
24 750 6046 3333 9804 6922 5126 1562 3480 9737 9593 5169 5603 7884 1667 9214 2174 347 1159 6592 4155 6577 7089 4274 6865
23 3756 9820 2244 952 2840 1420 4900 1622 7554 832 7948 9595 4970 6288 2974 3012 9516 5922 5599 6920 5275 6371 7641
25 7633 3128 8949 4152 5210 4621 3715 4334 9051 3065 6904 5040 8420 7684 8098 9048 9722 7501 6560 5665 6077 8002 3962 5774 5044
25 4523 612 4239 2353 7180 238 6676 4251 1883 2651 7056 1352 1535 4893 8269 3029 6089 8940 9953 7604 8981 7930 3197 1533 7234
29 2150 8948 8118 1700 3417 8833 1300 1160 3489 1317 5045 4435 778 8248 1936 2800 99 4838 1231 2882 1624 5754 7818 9198 9020 9524 497 6271 4605
26 1769 1364 5815 9492 3291 3610 6710 3556 1836 3234 9910 7009 1262 866 8787 5642 7189 6691 6132 7092 5709 4593 9208 9452 4940 4916
22 8595 6613 2649 6459 6681 9329 2613 1671 1002 1128 1879 2225 8401 3408 8869 1703 543 4270 581 4947 936 1596
24 7148 1271 1909 850 3266 2429 2334 2001 4497 7443 1847 1517 1173 8972 6487 2596 4253 5243 7128 2884 7121 6311 2781 2103
30 8097 7787 9685 3396 2140 1448 4636 8884 7773 6686 2433 435 2176 1158 4869 986 4743 6450 3213 803 7961 3485 6645 5011 6 9788 1369 9991 2456 9600
28 2921 5588 7574 6655 2914 5945 9200 9439 2499 5090 9173 7877 1721 8942 904 3960 3359 2118 3245 7160 8380 6080 2360 9285 2862 677 4540 8636
25 5645 8183 9951 1520 4219 7957 9121 2541 6824 5183 6183 3310 6721 3180 2445 4868 3428 4198 5792 7440 5882 3421 836 5178 2107
27 7132 2442 16 4386 2358 9963 173 7693 9067 5192 5661 7007 2656 8390 9935 6851 8837 8133 4595 2035 2575 2597 787 2088 8236 7294 7688
27 4071 8730 4765 3172 3323 9761 8266 964 2207 3791 4021 2780 7792 4420 7102 9209 7218 3928 5495 2449 315 9661 3351 8660 1916 5953 5921
26 9058 8339 6475 4099 3903 7980 6280 2637 4385 7664 9363 2370 8337 5963 5027 3211 6223 4704 1743 4668 8428 857 7413 3840 3444 5707
26 1824 4390 1275 1772 7715 9546 4758 8000 3794 5442 5840 2540 1047 2245 1652 7956 3206 7140 8101 7754 7119 9148 3760 2789 2956 2528
25 8502 5136 2570 8193 9537 971 2158 5159 3229 8859 9664 7340 2903 4471 8276 756 8303 8181 3538 4790 4936 415 8918 8479 5644
28 8561 256 7744 8751 1276 6099 8649 3604 7955 2040 532 2852 5080 4448 8860 6204 5154 1471 4663 5824 3572 9069 9863 6028 3024 4832 1503 6090
24 3860 1062 4327 8697 6634 4953 8741 2286 8562 2977 5379 2251 6977 7823 2259 2420 9843 5933 3521 9124 6360 4512 1345 1793
23 5057 5973 6879 3987 3164 147 901 6446 4262 76 3982 3695 1552 14 884 6789 4245 7600 2405 2567 9615 9847 4131
21 3815 8546 7358 5263 9027 8834 8848 2892 3262 4028 9278 337 8529 4070 8496 5888 9536 5359 3406 6320 1627
30 6424 8654 5185 5151 515 8754 8577 2689 1837 4344 7983 1215 8939 5347 6414 8990 6940 4614 4357 4305 6095 7057 4342 6248 7332 3120 1323 9607 4097 7820
23 666 5771 7516 1560 6794 8365 8873 9006 753 4100 9501 2032 2979 9262 8054 7211 5995 8811 4705 7616 9080 7194 3436
25 1434 6770 8400 3524 3455 610 7751 6738 3340 5012 3146 5579 1452 1819 7676 9017 8703 579 4176 4905 9099 1518 5907 561 3952
26 4077 3265 8504 7448 4279 2051 5181 1203 7338 8974 3402 7990 9068 1885 1122 4492 2307 5139 7254 6733 4326 8802 1396 1615 8105 9643
26 688 7421 1398 1165 5022 3625 1193 9093 1182 1526 916 2014 3514 6432 8023 1619 8900 3178 5872 5232 3527 5344 9927 2400 2213 85
24 7318 90 8740 540 7790 2642 2679 7304 7875 1292 8446 914 6594 7124 514 3109 6712 847 1324 9652 3800 9347 4866 2254
29 2652 548 1442 5148 8176 311 8912 1301 4281 7377 4930 6728 7682 3700 66 6492 4146 2070 8674 458 2317 6583 4366 634 5430 9916 3148 2556 6806
27 9858 7695 8586 747 1192 9640 5461 663 7721 3644 8718 4640 3362 1709 7308 9800 4312 5958 5415 211 6019 6662 7490 2885 6068 5717 5666
27 3448 6687 8980 5855 1715 3917 4478 8627 4822 9760 9179 4180 5994 6624 3525 4815 2792 268 9234 8738 8045 856 453 2834 8830 6442 202
27 4473 528 5632 659 304 1293 4639 8673 1897 8652 7243 1960 9845 557 5268 8519 524 4269 6870 8209 2579 2729 2691 4291 8070 6942 98
25 152 9038 6093 1417 1961 5323 2161 9548 384 7589 9256 2060 5643 6353 4162 9985 7879 6247 2641 9176 6086 3141 1115 6094 3071
27 2805 1424 7253 2768 43 5253 4483 4201 1585 5367 4813 3401 2741 1054 5081 5246 7550 7563 5788 3935 3469 4409 8779 1947 2345 3901 3554
29 1587 4701 3921 9592 736 8937 2298 3741 9302 6409 7703 6171 2412 5854 1458 9098 3137 8200 3004 1955 104 8102 4848 8772 9034 480 788 6842 9969
28 175 9168 7297 4049 26 2752 3411 2782 9395 987 9815 1880 7459 1914 4072 3574 354 4143 4604 7067 5449 3424 7644 1474 7478 2999 7806 7775
27 724 7569 3855 9236 397 1600 6411 2247 4363 7131 7876 8721 1314 6072 8288 8116 5617 2045 7646 1157 1501 1277 9905 1316 3083 126 2436
22 7566 3575 4560 9462 8790 4724 2835 3631 5282 4914 1873 5732 7499 6249 7783 8091 8451 6534 4532 5698 2215 4300
26 3766 1595 8797 7528 7408 6703 6793 7661 9412 6456 8801 3199 4120 7909 834 6307 6894 3223 4982 4485 9065 8695 8979 5256 2493 2149
26 6891 1040 429 4529 2966 5348 9975 5838 9368 5412 2520 5122 982 7206 3880 4787 8822 6067 963 9539 5515 2778 2571 1891 4699 3375
22 934 5503 7402 3612 7381 9622 8783 3105 6252 6612 5230 369 8226 5841 7959 5576 7139 6943 8880 7371 946 4659
27 1466 7015 5127 2352 8970 6874 4500 59 9793 529 2589 585 6134 7236 1195 7333 1356 3862 723 3699 1790 4337 3207 1672 4685 4767 4188
28 2368 8644 3937 6347 405 2152 961 5313 1430 1282 3513 7629 5906 8861 9118 2006 5487 7141 1084 8704 3526 3996 5812 9001 145 9071 6680 4171
25 1568 4773 5895 5051 5167 5157 5278 1189 1431 8552 1436 3011 1146 5519 3418 9297 6058 4837 3966 8126 1374 7019 6181 6722 6625
28 586 9992 9755 4896 4249 4200 6551 9848 8182 2522 9809 5600 3568 9666 5484 7079 5267 2958 9402 7197 1108 7048 5702 2510 6883 7066 825 1508
27 2635 1717 1125 5113 8297 6351 8594 1944 4577 7950 7766 8482 4723 7172 9553 8119 8056 6468 3900 423 4449 7687 814 9143 7008 6061 6172
25 2922 4392 5031 1210 6292 7054 6559 2243 7059 1303 6044 1662 2888 2130 912 3690 9026 2934 3498 1209 6153 4257 6647 5836 1864
28 5371 3179 702 8053 9322 2609 1541 4031 3678 38 334 359 7973 95 8960 2321 3329 6527 46 6805 7512 8648 6222 4197 5215 696 966 3767
26 8246 1143 1712 1734 5668 2701 5307 8737 8263 7105 7536 1524 7532 1719 9588 8773 8310 8379 3732 6070 614 2434 9805 8582 7654 6207
24 957 7871 6402 3744 4730 3558 3195 8025 7352 2705 9464 2666 9712 1927 3325 1748 5929 4675 8456 6631 7386 287 5915 6051
26 4661 6931 7752 1380 9777 8111 1725 2403 525 7068 7863 4749 7058 274 1848 7628 6270 4073 2443 1874 6751 7810 5667 4339 6639 2661
25 5959 4935 1925 7979 6888 1558 8250 308 4193 1423 8347 5249 6951 1046 5727 3886 6965 5186 6604 7302 898 2667 2054 6435 2659
25 2672 7175 4989 8003 1239 5990 164 1767 5862 4140 7873 3464 2837 1567 9671 801 5061 6401 5338 9608 7551 9947 2380 5029 1289
27 2091 4944 3951 5566 1913 4858 3830 8679 3904 8262 3481 1269 1908 8335 7072 568 6119 8196 6476 7826 1475 349 4450 3859 6673 8941 5561
27 6056 9727 8919 2042 2906 6113 2166 385 3430 1096 8907 8755 1056 7586 5606 2278 583 326 7640 707 6536 6909 5158 641 769 2620 7492
24 5482 2191 9913 2469 4186 1076 3479 1784 1777 4527 3603 2408 9411 4883 5842 4164 1565 8825 1362 5225 3214 5787 7934 9255
27 9211 4543 3149 9646 1264 7259 8285 2644 8349 5704 7071 4657 9300 9311 5947 7779 9046 2602 5563 2461 6458 6579 2383 5391 9987 3918 9604
29 2758 7179 5476 2228 2930 9484 9874 3347 117 1310 2955 822 2606 9008 7312 9757 9624 9730 5094 7825 6047 6316 7933 4426 3687 1119 6823 265 1154
28 671 6897 7643 3899 1675 3763 6520 2212 9407 6747 5570 3545 7267 9332 909 1063 9409 3419 9401 9298 5544 1687 8985 6022 7521 321 1350 3595
28 1579 4878 61 3331 3557 9242 7605 5439 1194 3742 6651 3121 5761 805 8871 3939 8707 6760 1741 9896 122 3413 5981 9025 390 2968 5851 2217
27 1577 2765 8166 2145 7144 6622 8911 3090 6606 9970 6310 6552 4045 2939 9196 6323 5252 2690 8692 5321 3221 7857 7342 9698 1295 3059 3107
26 3198 4796 5965 3367 6464 3335 9149 8206 8677 7830 1489 2082 2342 8688 6924 6724 5986 4853 7821 9610 4039 6907 7508 1601 6264 4087
29 3709 5955 1067 1250 7436 6866 2337 7931 2629 560 8591 7258 6321 2951 1013 6417 992 6682 6372 7599 1528 5319 7339 3578 9713 3355 8374 9860 592
28 3183 4768 8468 544 5612 53 185 9675 4931 2233 3797 4306 6115 4748 4011 2683 1832 8414 7832 9125 9369 1869 9638 547 6513 5007 3159 283
22 5535 7397 9440 9836 8992 939 1326 8602 6449 4919 210 7515 8843 8304 3445 4772 8633 1834 7518 6266 3080 9556
25 1472 3929 1670 1124 5896 2129 5772 1411 1242 1168 5766 3502 5752 2714 4570 8429 3475 4234 7913 4012 2437 79 624 9403 1199
26 3240 5528 2000 4415 3442 780 5585 9955 6854 5900 6364 686 7237 664 9483 1224 2625 3372 162 7827 2282 2559 5813 5054 7362 1445
23 7138 3628 4994 7481 5868 8958 4089 6331 5793 6674 1147 6345 412 1496 1351 6938 7095 9744 5234 7154 6012 5216 4275
23 8099 2607 6265 9811 7485 1593 1342 9267 9921 9983 6646 4098 4421 64 7357 2750 1722 4569 6774 4416 6972 9152 6441
25 6423 3592 8399 7244 7845 62 1904 466 5502 9949 9482 116 4160 6895 9507 5287 3885 8817 7266 8485 3706 7711 2501 3474 6279
28 5552 5324 8625 1644 163 2744 5887 2061 893 5490 5781 8253 3134 8842 1409 8610 8139 9998 5034 9614 118 7594 3712 8777 6169 9003 8683 7010
30 9822 27 7606 5942 7442 4910 5999 5522 456 1865 9182 1219 7450 2760 2382 1829 430 8135 3073 1341 3535 8367 8208 6834 4324 6040 2093 8501 1551 9558
23 929 8026 9735 73 5424 22 5935 8493 5647 5834 1661 2287 9040 8031 1213 1733 1987 148 5776 3157 205 5736 7947
25 2146 9460 7922 9515 7572 4394 9310 1132 1104 6814 8020 8630 5546 7889 9509 4806 1116 9210 9305 9977 1305 3601 2594 8470 1651
25 7382 7496 676 504 7347 841 135 8215 9327 865 3095 2546 3674 3458 1 7314 3296 6118 8010 6273 5864 4352 7839 5473 7917
24 3387 8366 8934 5516 8046 7910 243 6795 7409 6586 3721 9 669 7750 8804 9801 3017 8411 4468 9291 6490 3958 3555 5987
23 13 6543 5564 4151 4181 7110 3777 7670 1589 9792 1145 5978 1616 8396 2402 246 6081 8079 7714 8018 24 6038 6091
23 5046 9104 8438 9629 3300 8256 4325 6989 123 7104 8560 2753 6180 2029 4159 488 9603 9686 2709 3547 3985 4256 9478
26 2163 5524 2836 3735 1758 795 8532 565 3850 4591 2178 4382 2114 8426 7700 335 6336 3792 9102 2655 7354 9517 4913 8585 2386 2338
28 7324 5583 5112 2418 1631 1756 7203 3040 6286 2983 5763 6820 4375 4583 7953 2185 8490 955 2492 5463 9009 3864 6209 1997 717 4224 4526 4964
27 9988 9336 8969 4311 6421 33 9808 4396 9178 8159 5259 799 7692 7888 5884 1623 5980 5778 8086 3000 3358 7101 6317 4961 5586 9188 7886
28 9180 766 9568 1049 1740 956 252 7660 734 9689 1206 1920 5691 4161 3853 7999 3820 2292 923 9532 6116 4508 4908 4666 3796 8792 4881 9307
27 138 2265 8080 8282 2343 4655 473 1787 190 7927 7111 1872 9780 6352 8650 733 6649 9085 2605 139 217 1527 2398 749 3467 7747 6627
22 3075 3911 817 3620 3238 572 7483 1792 1092 7958 6192 3271 2821 9567 6127 9432 5004 9950 889 4619 8037 4875
27 1572 9166 3322 593 1093 5396 6550 1120 4782 2184 4343 877 1070 8087 7808 4706 4202 4846 165 3053 1811 8343 6308 2041 6377 9968 8964
28 962 9791 7552 8841 3762 779 4553 3203 4079 878 5791 1952 6836 729 2617 4477 815 2466 4191 6734 4778 3497 1129 455 8165 4461 9918 5723
28 4581 726 4802 9286 979 8293 2771 8264 7349 2280 4774 4833 9618 1553 8732 5056 2700 7098 3337 5111 1945 9468 1978 3959 1464 4552 6498 2367
25 9111 9366 3278 6912 7117 1839 3912 6344 6707 8231 918 5095 9659 7932 4924 1087 1755 8252 3135 7602 5985 2268 2349 5930 9895
24 1833 3833 5751 5860 3272 6300 3683 3887 5584 3147 3893 6253 8550 7018 6539 180 591 6923 9193 3098 6901 5432 6898 7153
27 816 1312 1768 9956 4715 5680 1133 2242 1028 5100 9089 9372 55 5504 1482 5731 2043 905 4439 4536 2553 9253 894 8893 3931 3529 7368
25 1999 1893 9352 3764 9825 3907 9648 9437 8040 4223 5847 231 5943 9021 8217 4842 9656 6855 5684 18 8535 192 467 1739 6730
26 5014 7030 9131 5910 2101 5218 4831 7610 7275 6948 4602 8185 3495 4373 4522 2270 3046 9783 8444 1438 1586 442 8987 2123 7165 7063
24 8858 1247 3005 9940 3122 2375 2450 1368 8005 6256 5279 3241 1170 4424 2564 8847 1931 6957 6126 5085 6713 4841 3106 7460
27 8598 3660 5613 6699 3746 2036 5901 4642 9314 4124 6354 5451 32 9448 9823 3890 4404 6064 5607 5961 8065 5649 3459 892 1629 1522 5823
23 1387 3316 6003 9817 5144 4231 6419 110 9908 9092 2076 115 1774 2283 299 9266 1180 9639 5088 6293 6506 3074 6537
25 482 8434 7026 1745 2640 4784 5706 2301 1707 7330 3191 7076 4132 1621 4637 1876 5003 6195 8580 1514 5184 235 1634 371 1993
28 8085 2069 4966 2144 4817 3443 5138 5542 4358 8687 21 4582 9458 4128 5450 7159 444 7398 5630 6333 562 5722 7224 6431 4412 2911 3305 3006
26 9106 4115 5846 4507 6150 571 2295 9583 689 3487 8191 9497 6082 3220 1068 2740 5038 454 6937 469 5039 1454 2703 7246 4965 2994
29 3187 5388 3693 9019 5713 8320 6538 1149 323 8325 997 1935 7663 7831 7053 1117 8107 9746 1992 3789 4173 5190 5560 6660 8305 617 3062 4063 6632
28 2139 8090 6488 6890 1325 3332 6643 5176 5119 7811 6997 5905 4599 4288 5356 2653 6953 7578 5444 1949 1481 3070 1669 8554 2572 3161 6546 2296
27 8404 656 2604 7351 6283 5416 7406 3243 670 4726 5083 9833 9739 5581 8908 4470 1584 7479 1379 4709 2363 7799 2104 9030 6235 8167 4576
29 6570 1691 34 7742 1267 5726 4323 674 5084 4489 6773 6368 4218 4851 8095 7069 2379 5773 8800 3749 6801 3977 4733 7717 1937 1943 8218 6650 4915
26 8725 4671 1956 3694 1926 9590 3242 7393 1555 7503 2857 2017 9060 9292 6078 5419 5977 1101 8430 5445 3614 5101 1446 578 7718 5690
27 4322 9443 271 3295 738 3326 8793 7455 7925 3434 4658 2675 1507 86 5447 2133 4987 742 8563 7274 8632 2721 3583 9293 7270 3857 6121
22 2446 9589 7475 2876 7323 4983 7878 3185 8013 300 781 1968 1453 3639 1336 1426 5623 3655 4407 7738 8978 4871
26 7584 6578 3350 3391 215 4795 1412 9415 425 8511 9979 4092 9261 5202 5982 4434 8082 807 9775 6917 9557 253 587 1638 1954 4775
28 2830 8657 5472 8977 3099 4165 7022 996 8581 230 4828 8917 9502 2923 8384 4761 4240 2447 6827 2073 1274 8951 983 859 6305 8290 2804 7215
24 8078 3169 227 2963 1659 5925 2470 3908 3298 1493 9414 5426 9560 4654 9693 4686 5089 7669 1443 3588 7856 4422 5779 697
29 6956 1339 314 3919 906 5436 513 1299 2310 7745 9110 5405 7242 6670 8422 1488 4596 1763 3638 5853 6297 520 1686 3493 1939 3734 950 2901 9784
25 9189 8835 9933 6445 2218 7412 3100 943 1064 546 5828 5073 8140 2034 9981 9929 4863 988 9171 9813 2115 1181 7435 2850 3504
24 8453 4494 1746 2785 6509 1923 8957 1302 1307 8391 3490 683 5006 7200 5037 9276 8495 761 890 7498 4061 172 5845 2155
26 445 4967 1704 4006 6556 8575 1521 7872 6562 9885 9220 5350 2720 1188 1142 4027 9427 7040 6054 2081 284 8179 8736 7726 9544 8096
25 4182 9213 4501 6416 8063 6348 3667 7227 5434 2947 9917 9007 5417 8821 3942 9430 6396 9162 4731 3309 2285 5936 5548 3956 531
29 389 2864 5077 2048 3186 1055 6389 1009 8458 1427 4990 3454 2148 7321 58 1401 6433 5956 2663 8300 8397 8301 8202 8393 4360 4479 8244 1697 8887
28 6808 8961 2557 1186 1976 3405 8006 8634 7392 5911 4647 7046 9703 9365 947 8982 6607 2128 7963 4939 9259 5437 2197 8559 8574 5551 8514 973
23 3423 8523 6155 6504 3703 7960 5700 5055 8008 567 7001 9844 4213 3343 4103 2941 1065 1843 5341 5582 8409 7174 1298
26 9340 4338 1100 3582 8765 4597 3037 1821 2457 2373 7941 3778 4371 9050 379 6400 631 2222 9225 6141 9576 1404 3697 6217 9438 7911
22 8172 5532 1066 2239 3847 5742 6296 70 8813 8509 2010 9312 1654 7133 4405 7940 2210 7287 486 9723 6598 6511
24 3060 8386 8592 3201 5333 5182 8681 5433 1603 6800 1799 3685 3063 3461 6170 7570 9644 8048 1388 8622 8749 3653 6564 9741
28 9392 352 6200 9224 7416 5448 4694 1012 6979 5277 3546 5352 1544 6228 6706 3963 388 3409 2290 9345 8524 9086 9569 8556 3909 6159 824 7364
22 1048 4766 6889 873 5796 8553 2318 3608 636 7740 4317 449 2697 100 672 3793 9108 1714 6495 637 2016 4361
26 8698 4114 1807 9416 2167 1917 2266 1081 5403 6590 3284 8864 7088 5026 7836 2488 549 3357 2421 828 1576 3239 3478 9463 1001 5193
21 8184 4122 9385 5949 2096 7896 7045 2924 1214 3321 1963 4112 6802 1338 272 8275 9433 1728 5633 2814 8816
26 7794 7380 3064 5456 7668 6359 9231 620 7906 3817 6429 8722 3974 1413 2110 4572 17 1513 5626 2824 2248 8682 796 4827 2634 2507
27 9960 5130 5794 404 4530 2401 9394 2525 6553 5068 465 8067 2699 3926 3449 3723 2462 6326 6839 9000 366 8647 7444 8637 9904 6542 9346
28 4078 6720 5881 3696 5682 662 5610 2797 7592 8655 168 2068 9116 6137 603 6398 758 1495 1190 1582 8806 3600 9623 1005 978 9679 2059 3870
30 3236 2417 4259 3914 5968 1907 2106 9489 8454 9898 74 4641 7522 8659 8963 7276 9716 635 1161 7292 6900 6031 6290 8302 3842 6356 9748 4897 8351 3642
27 9445 3877 5934 7798 9097 7598 5863 9084 3934 3774 9654 2033 5800 4676 7081 9587 3728 4554 2190 5814 4403 9063 1982 6688 516 8784 5320
27 3190 6671 7636 357 3118 3033 6036 266 2009 5601 3055 8352 6945 8882 3463 5662 7622 2333 3666 7548 2102 186 3729 9642 451 9650 1648
26 3883 553 5128 2664 5912 4205 8483 9812 6145 7620 376 6399 1382 7221 8491 763 1591 4563 1455 5019 3998 4517 5526 2008 6737 470
25 4172 1359 5914 6516 3755 134 4017 790 4652 7824 7429 7288 8341 4756 9426 3776 6788 6880 2162 6782 9934 3522 1484 1315 9577
24 6330 4236 6168 8277 132 1174 5235 8260 5533 310 8512 1135 6502 5622 4310 1625 176 5663 2117 1930 5536 3970 6133 6952
26 681 4469 1753 5908 130 432 8584 4137 5760 8904 991 4906 8345 1029 9616 6714 4836 5357 5335 9114 7465 2545 8567 3906 9645 7887
28 8424 1573 8568 328 8356 2578 1588 6167 1098 8147 2825 109 8883 5409 7673 4780 471 8403 4464 5145 8508 4036 5337 4702 9094 1851 6843 2423
23 993 1437 2940 5598 2873 4183 6744 3176 7122 3435 710 7557 6930 5899 4894 8030 5518 7524 2626 891 7772 6969 2406
27 78 4447 1556 4442 9708 3997 9044 1218 332 5440 2946 345 3801 2315 8028 6628 8158 9676 1332 9449 8308 2844 5870 439 7697 503 5517
24 4764 4397 2482 7986 9980 7239 250 4025 4579 7531 5894 3028 4839 4113 302 2473 8600 7137 6840 1112 181 8272 8548 6614
26 4107 9561 7689 9123 5883 4302 2439 167 1895 4158 2867 7838 4546 5067 407 505 5043 6949 4558 9657 197 3717 166 2776 9580 4789
25 6933 2090 9747 4717 919 7065 8249 6385 881 9855 2685 2967 6451 6653 222 9465 1480 935 5143 765 1731 8043 1820 1136 2611
25 5835 9861 8440 4754 6493 1053 3292 7201 7317 1525 7651 3494 9309 5132 5075 9810 6905 2271 3788 6144 9550 9881 730 3645 8114
24 2517 8073 3781 7650 7865 5506 1810 2799 2052 1389 7370 8007 2869 1606 5651 1400 3597 3624 5120 37 8712 9765 8744 4539
26 8786 2698 9257 6785 5377 9428 9241 3854 2542 5749 1867 8661 5817 8148 7763 2485 3276 8662 8021 3002 1018 5571 2537 7837 5562 2504
24 1187 3775 7638 2693 5308 2468 4969 4044 6268 7355 1085 3806 264 4496 7615 8643 3077 6108 3838 1951 6136 3758 2587 7049
27 9872 7793 5115 2767 1024 7579 4314 679 9172 619 3484 8665 1870 8378 8051 3013 4648 307 5572 4333 5250 699 1287 5231 8916 8771 7936
24 2381 5492 2 1855 8924 1998 9954 4856 1915 6648 1761 278 3576 4645 8684 9965 7530 4210 8203 4138 9710 4580 8270 5392
26 8220 2583 2263 1835 9115 3881 319 200 9939 5343 5592 9529 8448 1742 7919 5646 6302 1702 4142 7562 7301 9886 9912 8959 6587 5486
28 2636 9591 5354 3268 1123 2085 1131 8897 5369 5222 8505 8435 2413 7809 2475 7681 3740 226 9726 9920 7685 8719 7452 7220 4877 3308 6332 7348
26 6603 8227 4996 8890 2746 3949 8423 4446 360 6693 2019 7298 6156 1383 5541 324 508 8525 7303 708 8088 5342 3993 9505 6404 1397
26 3873 8383 4303 563 6363 837 6966 9745 4377 4263 8668 911 7025 8475 8242 4534 3569 2787 3338 1782 752 7289 8845 7817 3279 7534
25 8579 9756 4777 6766 7028 2477 2654 2050 7928 6809 4215 7587 8498 649 8827 5099 5892 7145 6799 6139 9903 5711 2907 8412 3810
31 4616 9743 276 9175 5207 6481 9864 5177 5759 9272 6708 3637 9575 3356 6915 2390 2500 2237 7546 101 3204 9706 913 9132 3154 3045 7094 2881 3957 7315 7417
23 2223 7343 9470 6032 6123 1804 5390 3069 5578 3228 71 8149 7307 6146 9103 4451 5676 346 2987 8810 9023 9786 8618
24 8407 8903 1278 4710 4391 1604 1770 1354 793 2078 2020 9160 1171 3301 5248 6962 4023 1273 3509 2529 6076 6327 3030 6055
25 3968 4922 9194 3471 3598 2815 1138 9880 2289 5382 2647 5332 989 7265 1511 2593 9156 9237 1979 459 5402 4981 2143 1653 4058
25 7545 5511 6407 2841 784 3297 5496 3835 8413 9043 3368 4986 5104 4149 5554 1850 8473 5656 5217 3510 262 7951 5859 1791 1637
25 1386 7918 4632 8745 3898 7842 174 3018 9919 7645 2463 3944 2982 1840 4321 9316 5620 2089 826 9759 3354 4682 7966 2099 9958
29 9246 6600 1818 462 7149 9753 7468 6711 4127 5803 4295 8604 9010 922 7757 9047 5648 5123 2839 9396 5203 9945 2074 2927 2749 573 4793 1106 1990
25 3145 1130 7439 3410 8766 5079 6473 4898 8769 954 1530 6282 1403 4498 7051 727 5339 9399 7977 4000 9074 8164 3589 655 3818
26 3922 1038 1407 6382 7482 7061 420 5508 5480 5291 6719 7739 3983 1457 1088 9626 8457 2621 8212 3688 4798 3014 2308 8060 9971 2565
26 6227 9361 3932 5102 1547 7880 3675 3892 1034 1261 9233 4148 9421 1376 6695 481 967 8656 8748 8449 7486 5286 7542 4600 3008 6164
23 3831 5777 9584 2304 158 8410 5170 2281 9260 3194 5438 6757 2193 2327 8537 3140 1989 7523 1393 1105 1550 9161 6216
25 5260 2297 4068 2472 3027 4587 7800 8235 7784 6287 1933 6508 9453 1673 887 7350 4330 4859 2109 8706 4571 8935 5844 4516 9138
25 9284 3025 1140 4 721 91 3724 9420 5420 8666 8279 700 5199 3222 5655 3342 5164 8359 5558 2294 2063 2275 2448 4556 7774
30 3117 7639 5213 5462 7611 627 7086 4395 5510 3313 3544 5699 4316 5162 3377 6147 9668 9674 8480 2227 4035 4763 28 8408 1902 4105 4631 4680 4956 7021
26 691 3720 1531 2003 3757 4677 9229 2313 4745 7765 7753 8855 4179 3003 3888 4232 255 3031 4208 8157 1232 823 2812 7050 1027 9204
24 602 6729 7449 8530 9258 4282 771 3420 3167 5036 9187 782 7882 4365 6079 2246 8767 7469 6858 9924 9476 5161 4923 3876
28 5262 534 2330 2305 6000 4718 5744 5351 3427 4559 5175 1395 3834 3807 7167 5076 3113 6964 1026 3990 6131 2896 7807 5809 7029 9731 2809 4184
24 2849 1035 5149 8624 2394 6112 5587 3439 4736 3364 5488 6182 9959 6166 7248 3085 8016 3965 7665 4993 9112 5678 5257 2791
23 8044 3361 8733 3283 8609 4672 7024 2802 4882 259 7146 2387 3596 478 19 3787 6420 6569 6002 2516 4963 224 5273
25 7828 7708 6092 5829 5368 7679 851 8377 9818 7387 2316 2534 6362 2872 716 4094 6199 4308 3947 3727 9613 3349 4674 8268 647
24 9014 5049 6778 6275 3707 35 8463 383 4638 1433 6460 5198 6741 802 6315 3414 8930 7904 2199 5300 2250 6867 2031 4690
22 773 8134 8613 6242 6437 8036 2415 9375 6862 5869 1771 1783 381 3869 3945 4220 4463 2991 5677 5466 5960 511
28 6096 3235 4474 6595 9797 2135 1612 9665 2728 576 6233 7706 9228 406 2220 2757 5806 9709 1286 9867 4211 6642 4022 8160 4646 127 3366 2719
23 6781 6001 9868 8781 6790 6985 4722 177 5687 1000 6213 6129 1308 4340 4738 7285 853 1381 372 7517 4380 1559 6787
27 8724 4170 7648 8261 1016 6868 1004 1882 8309 8330 8616 8278 2632 5775 3567 5131 463 6803 4932 9684 6661 1995 7683 7090 2291 5470 4364
26 5604 1425 5545 5117 4788 7369 4465 7401 3863 4047 2808 1144 5135 8807 6786 7556 5399 5605 9519 6391 542 6981 3946 3979 2532 1921
22 5062 9942 3682 2350 6822 7513 720 1011 7284 5770 4603 9729 4059 1656 438 7504 1699 351 4320 2942 1928 4821
28 7653 7984 7969 3954 5525 9585 1306 3711 392 2610 1483 125 2645 5716 3657 9893 7813 1265 4301 8113 3591 9948 1718 8112 8247 1385 7537 9932
27 3491 5967 477 4195 3623 9773 6990 3486 5802 7407 8047 3846 1962 844 2077 6518 6110 2490 8664 8789 9082 7791 8376 8895 120 2810 9354
31 746 4246 502 3518 2279 5850 5376 5406 5856 9835 5121 4440 5096 9821 133 6006 9704 2226 6124 8459 3999 7627 6605 7862 8716 8788 8846 7713 7843 845 4678
24 9215 2554 4909 6005 930 5223 7835 4844 7761 403 292 9906 2171 4230 5790 2113 6685 8785 5932 8747 7970 2067 5991 2007
23 5673 416 2037 5226 6102 8726 2410 6584 1226 2935 7388 9222 5373 6807 2047 9419 7582 2347 114 5629 5950 6496 7899
23 6950 9371 5041 9251 1390 740 4524 5568 5329 9303 863 5270 7630 1225 4475 1649 8173 8136 9181 251 9113 8583 7341
26 6130 8545 1491 2293 4053 7467 739 203 8988 2030 9466 2682 693 6384 3432 355 9142 1561 8474 9715 754 3988 9828 1327 7921 5208
29 6812 3611 554 9128 2147 908 4566 8460 8322 1290 4266 2044 2354 6544 623 5971 7438 9779 4285 4029 5364 6355 2046 8174 566 3816 6821 9296 3708
24 1965 6597 1862 8445 899 7296 9798 5070 2643 6735 8124 2527 1858 6739 1043 3052 6122 6903 2072 2976 6358 1211 277 6575
23 2182 4757 1614 434 3731 4015 2961 8398 8224 4988 3849 4417 2508 4244 840 2662 1357 4296 3084 9170 5276 6524 8194
25 6257 6765 9621 9678 7016 6369 9854 9056 9871 2004 5072 5594 2432 9528 8571 8705 7716 3087 9306 6986 8520 7544 2751 5374 3808
24 577 8207 7331 2049 6519 36 3770 4521 2646 7334 6018 2817 367 5295 2899 7070 4225 267 2079 4608 8061 2829 212 977
24 333 6154 7120 7116 5783 690 4487 2538 1708 161 2878 9370 6208 5746 4525 7231 6967 6987 7736 1900 8058 7156 6960 8395
23 3384 8143 2252 2775 232 3871 6163 5474 8857 4402 7612 4177 3512 325 9083 4203 767 9061 6887 8197 2357 3540 6422
22 2209 6980 3312 1499 1795 8375 8828 5556 1039 3273 3879 9996 4538 3327 6035 9357 2875 6659 7463 448 6240 2480
30 5634 4794 450 7724 2747 7952 402 6427 2794 356 290 7345 5689 5265 6540 8996 4934 5498 4670 8467 6926 4907 2491 1762 8555 9422 9045 7841 4111 969
26 3256 3681 9966 1465 1373 7526 6312 6675 3144 4792 4153 2887 7404 5993 7346 6742 7514 2411 4752 4513 921 9374 4884 5747 2985 711
27 8669 5529 446 4480 7249 7176 2762 6328 7743 4818 7949 9824 1636 3641 3824 8839 5362 3809 293 3980 9680 8510 6769 7280 6203 4268 537
24 2993 6425 4214 2555 9909 8506 1971 2725 4284 8826 1223 6545 6111 4946 4865 9294 748 8635 7583 7705 501 7852 6947 6065
25 8854 5008 3560 2430 3733 216 3745 1730 7097 886 2548 7247 522 234 5730 7217 9611 2827 3115 1110 7972 4020 9586 8387 3399
