120 7024 8879 475 9015 2821 426 1259 9947 3391 8539 1701 3727 9936 6569 7418 261 1606 4202 7678 8123 3269 7012 1099 1036 649 1289 4286 4646 226 8194 7375 8756 4718 7408 7564 3196 6795 5360 6508 6735 5089 4688 1058 6736 4697 2654 7634 793 1977 8516 8648 3620 306 1007 4468 8480 9544 2888 3537 9552 4236 602 2054 2219 2401 2179 5769 6717 3345 5260 47 8525 8082 1869 2650 6607 8562 1579 5391 5889 7248 2606 2442 5790 920 8977 985 1710 8902 4976 1866 6045 1002 111 8007 330 3627 1405 139 2975 3907 5942 4322 4952 9184 9593 8878 2217 9738 9127 7123 7146 6608 9201 2302 1964 9783 8150 4742 6122
117 574 1643 4746 5238 262 8218 338 6204 9351 4085 3062 2360 5395 2432 270 6952 4342 7598 2290 5897 4679 6827 6582 8866 4568 5589 4950 9530 4953 1795 2638 878 8666 5402 4182 2334 7718 8816 5948 69 2321 4937 5275 9056 8112 4081 858 8227 5023 7585 3659 3973 8875 7647 18 4374 9374 5901 1669 7099 6143 2751 2081 6396 7989 9521 841 5797 4844 9100 1596 3046 9514 539 6166 8784 219 355 4751 998 6054 7133 6424 6068 1093 3974 9541 5188 4615 3218 6236 2756 5362 9733 1808 8271 8321 9635 4745 4500 5202 8273 7031 5431 6733 3599 8599 8730 5562 3376 4352 8247 3694 1851 2983 9422 2573
115 699 2328 181 1822 851 5419 1335 1043 3959 9381 87 9076 2826 6271 5388 5438 940 6309 406 1947 9680 115 4671 8731 7258 9128 2436 5021 6059 3518 6715 1356 5760 4625 6211 4593 1642 7665 1820 4857 5527 9000 6705 2353 9510 8384 2838 1308 6097 8507 9470 7725 7503 6971 9681 8704 3006 3738 8770 8110 5747 3671 8251 5926 415 5847 651 7130 9341 498 2023 5764 8856 7388 4035 8176 2618 3467 4711 6841 7950 8531 5116 9829 6174 3370 8235 292 2931 1572 6292 1135 4221 3264 7195 3785 7897 3283 2765 2366 3536 2261 2780 9641 1902 6792 2735 2769 4332 9030 7700 4788 514 1859 9501
102 6373 3895 384 1299 209 5289 2714 1461 7715 3276 317 2955 194 2926 3584 3740 1480 2411 9072 8403 4900 7782 5437 3920 3610 7562 3113 969 521 770 8952 5966 2115 8732 9003 5155 8803 9546 6109 5164 250 3238 7221 7355 2761 5931 9252 2837 2222 1070 4199 6789 3115 2137 3330 3396 7817 965 2941 983 8234 240 5608 8144 3360 4539 2147 1544 492 4702 4417 9370 5840 6260 8533 4603 4827 43 8521 7471 7616 7652 6108 3677 6240 7847 6438 5287 5693 1291 1160 2407 7232 7410 8294 6759 2295 1946 4056 1366 9564 5619
128 3545 7401 9559 1981 9754 7139 489 3826 8797 2050 4113 123 6694 4302 1322 2005 6029 3705 2400 6932 65 3456 8005 538 6347 1735 9236 7075 7880 1536 8742 303 816 9992 6146 9327 4325 3347 5598 6334 2673 2192 6437 1925 8051 4254 2444 6634 5800 160 2859 7066 7841 5 2681 3498 6964 7091 7863 2943 8984 7138 5668 5389 9292 4145 9837 1141 3199 1873 3874 4528 9097 7244 6446 4386 8555 327 8198 1819 9535 751 8297 1883 2027 719 4324 3021 7270 6456 6231 8091 2488 4471 9610 7397 4408 5320 1682 9282 2098 2351 5029 592 2590 4240 7576 8173 5632 1309 4760 2303 974 8229 5301 8484 1992 1145 2419 4438 4932 8955 4821 9057 5105 6880 2229 248
122 5037 8687 2144 1394 4162 7842 2806 8633 5404 4554 3191 5819 3230 3228 5750 2384 5087 5867 5669 5364 587 7902 9582 5099 9870 5909 520 6848 3594 5421 2747 6123 7875 9556 4639 7030 7176 7734 3476 9239 2211 9414 9817 9028 7021 3466 2288 6064 8491 2030 8876 6212 7462 7799 900 5868 657 6136 1832 4560 1548 2277 1584 6310 4845 278 302 9423 8054 2552 6443 1505 4485 8703 3570 6564 205 6584 1463 1621 6921 8895 8822 5119 3014 9902 2894 1911 669 235 7207 3068 7149 9022 9034 2995 6055 8124 2113 3888 1574 1879 554 8905 3812 3127 685 805 2575 3481 1793 3560 2314 6471 890 4547 949 8971 4917 3084 6129 2224
108 4131 6810 7547 2891 6981 6262 1882 4345 8517 5311 9453 5178 5552 1927 9897 2944 5377 5196 5679 3365 3327 6422 1300 5535 9747 4399 9349 9711 3993 2293 9688 1302 5263 2417 3159 134 9717 1724 4904 4505 9690 9362 1047 4775 9152 3317 1926 9221 3660 7663 3515 4881 2737 8109 5097 3122 382 2985 7025 3686 8288 8413 4172 9188 7959 9664 1427 7694 7165 5993 8760 2414 1419 75 152 7758 8681 6895 7307 6639 8845 490 4230 473 8686 7811 5095 1805 2498 9948 3484 1729 4062 1105 4585 2123 5828 8374 2244 9873 7143 9001 1780 3849 1413 2363 8755 7097
108 8727 814 2685 4722 5862 4203 3547 7167 7696 9522 6086 9674 923 4610 6780 1789 6383 5256 8532 9777 4036 2396 8993 2061 3875 1514 3754 6755 788 7020 1187 1347 8338 5411 8595 2009 9014 9969 8662 5664 4562 562 5555 622 2867 5568 716 3760 5039 9998 4537 5225 2449 5047 4580 8769 157 6628 4373 46 1012 1179 9650 5815 4732 2191 3516 2072 4712 175 3837 6206 9794 2612 3576 3593 9346 675 8901 1867 8752 7148 1702 3848 3917 6186 6713 5997 3017 9154 8094 7302 9999 5205 2819 5290 8433 2171 9122 3991 7689 1396 9343 9471 3186 8254 4379 9179
119 2355 1755 1159 3821 204 3759 4861 4833 7722 8565 2727 5731 2093 5244 3428 9528 3635 6224 4096 4484 9539 3623 4486 5464 9182 7681 7293 2477 7205 8318 4214 6501 3648 6283 6480 1824 5090 7976 9952 5069 2175 8013 7314 3832 8761 2565 3795 3390 4455 2150 3583 1101 4431 9684 7731 4114 5382 739 7925 4284 9043 8965 3614 1009 67 3479 8791 8199 8814 5615 416 7810 9668 3439 4305 1204 767 677 7727 3683 7291 6164 7393 6872 6116 4253 3851 5124 1530 4555 8777 4122 2863 5796 7290 1704 6503 8185 9835 5032 1017 9560 4708 537 257 9579 5296 4123 4761 7779 960 2135 8141 3040 8949 7 9277 199 4766
119 7787 1890 9116 9427 3859 1690 6570 6251 1936 6256 9069 4499 5126 6553 8361 3128 9654 3862 2298 9531 9245 1172 5834 7015 4428 4876 2966 606 8395 880 8560 3420 4999 7569 2270 8667 7322 1307 6774 3882 5443 8145 1191 9667 6294 3891 5768 1146 3944 308 9044 7865 7837 7504 6266 5914 7986 3471 6956 6491 3511 3426 7493 1206 365 7437 3726 5148 2649 8638 4335 784 7717 6258 5860 6894 4534 6947 2712 6667 889 7406 23 6936 1286 9676 7202 2253 2323 3796 4919 8991 4515 6846 3355 1792 3198 5180 1633 8538 3863 7094 6279 6195 8388 8450 4401 4576 1913 2044 4010 8134 4706 2221 8097 702 6833 1726 5740
117 7706 5738 4583 559 4456 938 331 7166 4026 346 8350 450 625 9845 4940 1423 9505 4148 8369 2139 4008 6575 9342 1842 3182 5832 8763 3892 573 6301 6157 1469 1728 5495 2106 8163 1940 6818 3546 1748 5305 5935 1372 879 5000 6811 9941 8 8180 2359 6696 4358 4215 6793 2537 339 9115 1914 2832 3400 2772 6490 1417 8266 4823 2883 7187 4164 734 2526 8444 5543 9483 7150 9025 5536 9089 3603 1295 3322 5998 5988 2455 7724 2577 8798 6963 3735 4414 2177 9181 4825 2492 5353 2024 8545 7535 7938 8913 7907 1892 1540 5520 8660 5816 6042 6317 8472 1585 5613 3534 2423 3236 1256 4522 2226 7005
111 9213 1221 2344 6102 3555 3016 9390 269 3249 4785 1904 8160 7999 4577 7667 1506 663 9700 5212 5051 5870 1420 3042 6461 7859 5773 9237 8519 8746 5497 1515 894 8593 5924 6496 1502 7230 5417 501 6802 5253 6357 1319 6877 7988 2648 2254 7470 5145 4406 7673 465 1828 6941 1454 3731 5634 9791 349 7611 2542 2855 604 8782 2839 7271 3151 3761 6384 5752 114 1426 4665 5949 3490 4429 7224 112 3270 1802 4993 8874 5744 9134 1117 9017 4248 1363 4660 3027 6080 7037 7179 120 3132 7951 4561 5955 2605 5974 2069 342 7356 1945 1993 9489 1057 2231 8722 4719 2330
118 5439 7472 971 9176 6662 9907 9877 9426 8001 9946 6881 9045 4614 8546 4847 8174 9697 4359 5671 7475 2491 6978 6495 2521 9962 3965 6128 8090 3487 6081 6038 5783 1416 6233 8635 4043 847 9200 3314 1593 5198 3804 6104 281 9199 9148 8459 3567 8976 4805 7186 4996 7641 131 5792 3501 3710 2487 1380 2012 5953 586 8368 7238 6073 3689 9838 25 3924 9904 6399 697 9497 7797 6442 4488 1549 7197 9002 2939 2236 8833 3275 7095 873 5020 392 9395 726 5653 8914 8232 9477 3817 4267 8385 5229 7072 3582 9558 7900 4571 1652 1107 1235 6728 6885 6028 4737 6254 8241 9020 9671 2059 2907 2706 7392 963
118 7329 4327 8083 7009 4223 892 7003 125 7497 5273 7671 1222 624 7600 2720 1142 6463 2801 7736 7721 7864 866 7235 3457 9821 9830 7100 3813 9594 6742 7240 8563 4581 5319 3617 6354 7108 1566 8632 660 4226 1912 8700 383 9240 6420 4630 2683 4006 9896 759 3579 9031 2623 5184 140 2474 3366 102 182 9903 5293 2276 4452 4258 1971 9436 4756 4463 2705 3008 5468 5298 827 2743 7551 7573 2553 4478 2848 2974 3693 9340 4657 2084 7775 1001 5204 3444 3266 1334 9894 7502 1721 1767 1279 1458 2085 4112 5241 1174 5503 4589 3667 70 3901 7300 1328 5631 8737 8982 2510 6171 6031 9164 8012 7838 877
114 9035 6996 3321 1716 1071 1492 764 418 9706 7321 9784 2947 3640 8107 1268 5596 2181 4728 3823 3514 4134 3938 6147 8631 6574 265 5487 5075 5902 830 9928 7866 7262 5961 1030 3723 2013 3057 5259 5041 168 8244 185 5080 8014 1582 5207 4219 8312 8621 9773 2289 676 4704 8362 4882 2148 8786 8346 3451 9644 3523 4074 7961 5226 1165 1611 9375 1561 124 8953 3879 9399 6832 6144 670 1877 4532 3215 3341 3280 7326 6888 2399 4684 7347 7517 8498 9966 6611 1861 7104 2952 7157 634 6523 5741 3980 9696 5312 5883 8220 7500 645 2899 3975 5746 6371 6321 9569 3992 7117 122 7609
131 1523 9775 8246 4566 103 1905 8508 4432 2793 3227 8502 9355 9811 4111 7646 2322 2678 214 2114 2073 6684 5248 8250 6791 7888 7633 6226 9326 3902 3803 8147 5335 6823 750 693 7144 4189 7252 2198 1139 1188 7868 7572 421 5297 9378 4510 547 5274 8045 3234 7077 5317 1127 3665 9602 9264 1292 1184 129 3651 2583 4205 1640 8019 8442 7283 2095 2483 9335 8337 8762 7451 4524 6637 7184 5545 650 456 1771 225 7219 2814 966 2448 4341 4133 7323 3961 1762 3206 7612 7623 9419 8277 3093 3678 2015 8764 4259 3077 5673 1888 1265 6536 174 8610 8799 1668 7638 7292 2278 4225 8040 3459 4988 7113 8429 5491 6703 9536 5449 5937 4001 6439 5457 3024 3613 3333 8137 7990
114 4217 357 3437 2774 5054 3349 9499 5052 9669 4858 5153 4256 4176 6088 6663 9118 5622 5603 911 2186 3765 3713 6004 2120 4392 5375 908 6193 7746 3954 3637 321 6361 4926 7669 7831 5960 3566 50 4893 2239 8800 5518 9682 1202 9162 391 1560 1885 407 4959 3556 4220 4433 3176 6643 2357 136 771 9815 9745 7141 5384 6466 6830 6124 5268 3558 9798 5140 7432 245 44 1263 4396 7942 1389 3495 8421 2593 3855 8961 1338 2206 6967 912 3063 9972 5787 6692 5778 6648 1663 7970 2271 6051 2010 2133 1736 6697 5130 2702 6413 1168 445 6289 7737 2748 7921 3931 8307 1538 4447 6172
114 1546 6326 2173 2711 9954 2911 4786 4921 7189 2119 9150 2581 3638 5149 8724 7399 1296 9498 3543 7373 6374 2313 752 8607 9392 299 6800 8551 1487 3455 2348 8972 2209 8405 9529 5435 8642 4388 8921 6118 358 5490 5262 109 2129 5856 1167 5398 859 6052 1886 7495 2100 4474 2080 3606 8386 6809 4668 9257 4125 3348 6968 1703 2020 335 4403 2279 5310 3461 3530 8323 1884 1324 9373 743 3430 5940 6324 3619 4656 1096 5334 5873 7160 3398 7756 1082 4371 6126 7924 6807 7032 2903 1255 4196 8792 5324 3358 6247 8225 0 3133 5035 51 4402 1241 28 4211 4159 5708 2576 2732 8210
123 640 268 4951 7337 4300 8043 3652 7466 433 2582 5789 7496 7510 3933 9790 4758 3289 8979 9888 3013 135 6510 3947 6257 4867 4835 6050 298 7761 5068 1270 3446 5351 6096 3170 4809 5163 5498 5849 7129 8661 5282 4246 5076 2718 2742 3373 236 3032 9466 9364 1311 9978 6239 9980 741 2291 8919 1091 2734 4149 596 5542 8915 8989 746 8411 7380 94 3801 2174 6617 621 8968 9473 5666 8162 1114 9369 2509 6773 612 4213 4967 4807 220 3048 8926 7651 4313 3482 423 6093 2665 9266 5326 3852 6410 8093 7436 4740 2579 7815 2597 4862 108 3998 379 8801 5223 9416 3844 5892 7459 753 5717 6313 1823 9763 6725 7061 8191 3114
110 336 6615 2692 9744 5193 7340 3937 9803 411 4354 1650 7447 7093 1569 5470 3742 8958 7728 933 6142 7819 5930 3271 7254 455 1408 5928 1462 603 9916 836 5191 7402 7994 2199 7379 5280 4681 9875 5775 5858 5623 9112 6474 9643 8825 4276 6244 7212 9456 2354 2033 6808 5830 618 4491 8611 700 5306 5677 4701 5261 6783 876 2820 5734 8505 7479 1457 2376 4249 6849 8994 4387 2928 4685 1203 5633 4130 7391 4643 4180 1553 2540 7886 9380 9348 4652 2485 5996 2438 467 7217 2884 1234 9653 7296 4829 6246 1718 679 9267 3363 5189 4093 435 898 3167 6217 7469
119 2036 6626 2101 8167 9388 9511 5601 6851 9479 1344 6878 216 6706 3223 5112 9960 1615 1761 6409 7204 5136 1440 4849 9298 4830 3820 6210 3717 803 254 6025 6904 5522 5992 371 8696 3631 3578 9071 3822 409 1943 4794 1539 5565 9027 7655 3905 8487 6772 526 6704 8085 1654 6560 1208 8694 1804 9724 7274 9124 7622 7913 434 9444 818 3245 9677 7955 4892 3357 9119 8776 3209 4163 5107 5332 3092 5916 4602 6654 4031 9450 2688 7580 2341 8622 1609 97 328 95 1209 2917 5313 5276 6477 5517 1013 1511 4275 4763 523 8963 9638 642 778 287 5656 5246 9613 8606 5450 954 6014 1447 7757 4587 8652 8217
125 4479 9041 3889 9143 2785 4355 8426 9458 989 4648 7997 1957 3193 1046 7545 3512 5735 1360 2164 2568 8464 3441 1576 5614 2677 1272 6544 2007 4129 6060 8486 4049 1237 7679 1558 4290 1246 4458 1636 2263 7905 5387 3784 8096 9604 9144 957 2496 2268 5672 4080 3009 5217 9372 7577 1451 6470 1798 8708 2525 5825 7544 1214 3989 5973 1393 9098 267 896 6274 1076 5609 1889 1744 2338 1583 6815 7400 4470 3538 7156 5784 5659 7273 1906 613 5425 9940 4523 6623 1362 5453 3782 2159 3704 4721 7723 4072 3080 1475 7822 1348 9227 6677 1973 5554 2055 9956 2383 4233 420 7492 2392 9317 7834 446 9517 3163 8882 5641 2202 4347 7411 2364 4762
116 4525 629 2379 3939 4238 8467 7464 52 2320 9085 3762 5414 6683 2248 4079 7714 2506 2372 7752 5424 3647 3091 8998 5872 7595 393 5851 9068 5548 6598 387 8057 1116 4628 2340 8720 4116 6984 6594 9780 7474 6716 9679 8021 4664 2770 7320 9261 413 8503 5232 7426 8706 3284 5418 1629 4883 1831 4800 2764 1284 4320 3099 6337 5228 6532 9862 6415 3913 3149 9050 1620 981 8113 7524 9228 3629 9975 5373 2599 6440 2578 6010 6215 6234 6816 1115 8543 9438 2393 4050 3340 3232 8393 9079 7494 2391 2076 6976 9248 2385 1479 3164 9730 9827 2624 8080 7028 378 293 8605 3047 4152 7018 150 8455
124 6796 4958 8759 4696 8365 7978 4965 4033 3393 6610 2902 4694 8946 6282 6621 9331 1577 9994 1684 8098 8168 9726 6401 5616 3019 4787 5667 9876 9772 7686 2499 3061 2296 5330 3880 8382 500 1953 452 7929 1404 7131 4933 9759 4368 9822 5571 4676 3007 3825 8378 6158 9428 5129 3381 9054 7299 9742 9883 3919 4874 3000 1346 4069 9658 7381 6748 7688 9280 5722 3592 7748 837 5684 6940 5751 1310 9486 3066 4165 5483 9468 2075 282 6989 643 2022 3422 1375 1225 9491 21 5721 4119 4799 5033 9786 9561 6745 4117 8078 5111 9702 1280 6548 6203 3161 561 1779 2350 9756 3291 3401 9694 8781 100 4046 9776 4856 1391 5779 5852 2554 7269
115 4609 4928 1799 6291 3800 6455 3261 5448 789 4109 823 655 4279 9729 9872 9357 1991 2887 4631 8099 3274 341 7966 7251 376 232 5564 3542 6786 6453 1627 5724 1816 4774 2969 7325 7546 2611 7813 2992 1342 6565 5409 1581 5158 2935 2652 6425 7107 3179 6208 5580 1510 5053 2664 386 1198 1412 2094 6112 1592 1782 2657 2187 7119 934 3168 2615 4570 1456 815 9925 8437 4752 975 7013 3388 5252 9016 8601 799 6545 4264 7272 8802 9805 8243 6259 3604 5991 6270 9413 930 1326 2979 4918 1178 3172 1392 8768 6638 3116 4421 459 984 9652 9409 201 2598 3720 6377 4044 333 8490 3996
114 3503 1900 590 8574 5422 8327 5713 2232 4957 4360 167 8566 7917 1482 5910 2674 2689 8665 6760 9760 8276 6934 1976 6586 7832 2942 2497 2495 8596 1431 2378 4938 2172 8018 7643 7964 8997 564 3089 9172 8036 5507 8155 2869 2825 2906 2111 5295 401 6651 8121 7839 2249 6665 8522 6286 6241 3351 7887 3908 5300 6515 6985 1875 3721 4517 9971 7236 2142 7161 2716 9087 9083 2970 5003 2886 3124 7776 8230 8600 1520 1775 4533 121 3681 4052 5761 9626 2162 4496 667 5060 7915 8751 2722 5270 9762 3979 6349 5900 8794 7222 3970 6690 4899 2607 9004 2959 7109 7480 5339 8248 7145 9661
120 6579 8453 9235 3687 5220 7198 3064 8341 3010 5098 6778 664 5920 249 7092 4941 3650 1381 727 4627 4273 3869 1455 3038 448 9807 6032 2527 4834 6303 8956 7457 7310 9769 171 8916 3440 9698 1402 8262 8868 6360 9660 5048 9755 2078 9942 834 2349 1848 6855 2259 3237 6534 4227 6009 7963 22 6757 7977 7229 3688 3883 2294 8418 9219 2812 9508 2038 2475 1491 7588 1534 6788 3577 1132 4884 4232 8821 9767 2633 1876 1428 4027 4913 9174 5007 5299 153 9919 8159 7962 2587 5165 8548 8316 7960 2168 7168 7048 6356 9545 3385 484 5214 5110 6790 229 1150 5185 3984 620 2461 601 295 7023 903 2921 6624 183
114 4513 5479 1359 4914 6990 20 9243 9849 1257 8154 9576 4480 1049 6899 8481 5791 8256 7303 638 2178 6761 4546 7090 9543 6175 4460 5770 1624 6183 3528 1212 9590 106 1321 9061 756 8111 5309 8653 661 1788 6649 508 4192 996 5685 3764 154 4318 5947 6948 5560 4769 1446 6043 3696 1098 5314 2083 4032 5508 6642 9630 2213 4826 4292 4822 3100 1910 6441 7918 8542 4955 8714 5566 8165 1358 1377 1251 2632 2830 4670 7843 5139 3493 6072 1430 7579 7206 6797 6021 8864 4136 5328 4644 4012 1955 7521 1809 2925 6657 2469 5150 4141 3805 2049 5190 2713 7785 9465 4949 7708 8804 5586
117 8100 8060 3305 5118 2736 1119 7596 8149 4444 2524 4633 8205 885 9707 1315 3521 792 1700 5168 8585 9879 3297 2964 7903 3281 9768 9636 478 2410 7732 5401 2196 4649 2501 2283 6987 4385 6892 6454 241 8709 5005 8911 3626 3324 5647 9251 1899 874 2251 6325 1952 1961 2184 3189 5864 145 7735 3379 5531 5415 1619 5876 902 8678 916 9060 2946 8076 9295 5696 1468 4064 6622 1960 1181 5810 1283 4980 1109 4705 5727 748 2956 1922 352 2513 745 5918 2152 5133 4698 9547 5014 1406 796 2459 6046 1737 5514 9841 1570 6698 4228 8017 1972 8479 1064 9038 4378 5558 4063 1679 2189 5557 8826 6061
122 3243 7920 3192 1378 6905 7428 4820 5754 86 7253 2783 2767 7476 9889 58 833 5146 4366 7172 9291 8790 9168 8496 8598 1868 1133 4338 7992 6481 2110 8688 6966 5689 5594 8954 7719 4770 3544 7608 9901 4754 1612 2529 8990 3081 4934 7434 8986 4915 9379 7076 1983 3185 4810 2272 2019 948 8364 7335 1512 8027 488 7967 7328 1224 6567 4569 9434 3706 7507 568 5485 914 7423 9750 9959 3293 6983 8289 871 6850 6063 1984 3580 775 2762 8011 1568 723 316 4261 277 3649 9283 6252 7231 2043 2668 6276 7666 3792 1161 2032 4250 2671 380 2614 7038 8886 4597 4645 3253 6923 9310 2484 580 1449 993 8380 2729 5805 8402
116 7766 4715 2431 1634 9418 2112 6103 3205 388 5109 1068 9584 712 3661 2868 7060 3621 8446 4000 6640 1554 1504 3083 1785 1786 9675 9880 39 3389 555 6711 644 2001 2749 8372 8999 8058 2856 2463 5657 4923 3483 9814 4083 8945 9480 6909 5606 4793 9289 49 1665 2408 4017 6264 1610 4842 7126 9836 4782 2228 4068 8300 581 8087 7513 7539 5880 8618 6741 4642 7022 5235 3156 4790 8855 1671 7438 4527 832 822 7601 3146 9132 8188 4372 6561 5699 2426 6493 9210 6305 1118 6163 1528 4100 5036 8102 8796 2697 7624 9866 7783 4287 893 5057 5970 941 1769 3154 3900 7648 785 742 6919 2398
126 320 7004 531 5801 431 6404 6192 9820 6675 8483 5869 8211 4298 801 5844 326 1990 891 7583 9205 5523 1753 6207 72 1974 7415 2346 6631 6504 1734 163 9840 6100 1399 1776 7628 3841 7473 1121 1183 198 2562 2807 1374 9507 2149 4237 1006 4653 8322 1980 3195 7336 7134 4147 3925 2157 6873 8683 469 4579 3794 6867 6977 3222 8089 8050 3818 4416 9634 3171 4389 6012 1783 6199 5285 6065 8710 6656 1692 6739 3254 5478 550 1053 5182 5855 8258 2331 8427 6601 7625 1120 9831 6345 8939 3328 237 4348 9965 3050 591 4772 9316 2336 6444 3392 4234 6269 3529 8844 4272 5748 3722 5237 71 3945 1878 517 4854 7662 4724 8265 3946 2335 9858
109 5649 26 3955 2087 9574 8861 5539 3410 4065 882 2212 2167 4773 2963 5804 8644 8627 8933 7568 1766 5984 8838 7064 5013 5952 2507 4103 1999 7433 402 2973 7068 7891 9324 5250 6381 6188 2998 57 8200 8962 1897 3533 6775 91 8852 9058 607 8336 6372 4087 6363 5137 6593 2600 9520 9855 2763 3208 7631 9986 2160 5059 2170 9847 9445 4351 7082 3417 2532 5173 1533 997 6893 2026 3216 3120 1937 3968 6394 6750 4321 4015 9649 5826 8671 6411 259 3155 2885 9032 5817 9964 4076 5376 2730 5216 5563 2534 1483 3587 722 7357 2 8119 2435 4780 4053 2056
122 2533 6813 3654 9908 2622 6435 2731 1625 6525 1092 7869 2304 2214 8441 701 6364 2796 9146 7789 8692 4181 6039 9597 544 3770 4608 3414 8827 3656 3418 8897 8823 9589 9212 2738 8725 2977 964 5025 255 7664 6037 2006 5171 6965 4864 7282 1603 7537 7190 8583 2002 8873 6613 6522 1810 3930 468 4088 2817 4544 2311 2418 8947 6421 5906 7993 329 2746 1341 2138 2416 2246 8485 4459 4886 2954 4902 4061 614 945 7264 3028 8969 2853 3967 5369 5009 8865 9737 8597 563 5074 3336 3085 6890 9287 5156 4617 5755 2017 1088 5927 3679 3143 9439 8960 7225 5739 4550 3981 6859 5323 4578 988 2857 1193 8375 6190 6722 1639 5251
111 1860 4726 7174 275 8941 8685 3029 7276 9185 5034 394 5652 9534 8510 5460 3190 1027 405 7324 9981 540 3943 6632 7755 6819 5989 1128 2822 3535 82 3808 1104 5170 8630 1138 5975 6931 5192 907 1089 5799 8604 9232 6125 609 3510 1659 1563 1330 1588 3668 4493 8130 9446 8928 6267 4582 6568 2427 5197 9577 869 6202 8335 8964 9272 7570 348 3581 5944 4689 4936 6398 9435 9637 1157 6907 373 4998 769 3564 9968 5758 6766 9909 4801 7581 2630 5824 5344 8888 1759 2878 8699 7403 5946 3419 9186 7952 7923 5254 9611 4748 2086 3562 6592 1660 8880 5950 3302 8392
111 9299 3716 2915 2828 1773 959 5157 7501 6925 9740 3025 7928 8693 8190 9796 155 1478 6101 5887 1829 3522 188 7705 6676 3425 5617 4635 3871 6235 4465 5639 9583 5938 1387 1015 7854 5359 8088 3298 870 9813 3447 2382 5233 6447 6423 4674 8540 6854 5043 2074 8793 4154 7089 3691 7851 9600 6540 5637 397 1764 9406 8390 9065 180 4349 7953 5429 9943 9108 7658 9825 2929 6290 9752 6432 4173 367 7607 372 6974 9301 6182 5393 4506 6248 2245 7338 8222 2151 1066 2373 1680 8476 6150 2300 6275 3776 3477 8329 862 5592 5466 3386 1079 6488 2082 8773 1365 2680 3312
116 9953 166 1711 3568 493 7941 7331 3282 7904 8592 4924 3023 7223 5626 8646 9029 8105 5776 3286 3590 2610 9864 9846 2875 6000 3767 1697 6840 5861 3174 8317 6754 1559 2809 5544 368 5231 1163 3104 242 2658 9037 791 4124 3067 6169 3449 7266 1743 4127 8304 1747 3712 1681 3928 5482 9197 8103 9229 8215 6804 2088 3798 5541 5579 4492 3903 90 3830 1003 6655 5695 8223 7996 6836 8765 2079 5083 9077 2570 231 3469 9461 1673 9614 6428 2627 4935 2750 2468 3403 7180 7943 476 1039 8016 9103 8778 4734 7353 8640 9886 4651 7760 5802 2655 1199 7910 9967 1517 4599 3951 6148 2881 7632 8892
115 370 955 3051 583 8528 557 1164 230 1881 8567 9844 9275 4178 7062 1048 8636 2710 78 9504 9492 9047 4703 4604 9407 8242 519 3219 9008 5340 1503 1339 6273 9011 3031 8789 273 6958 6299 1267 1547 2704 1294 9979 2682 7586 9633 322 7991 436 7376 2299 4315 1154 2609 8922 2090 156 9442 2125 8221 6015 9012 4661 9459 5082 1535 2631 8908 4549 6352 7080 8064 8619 4483 5715 4255 8252 276 2136 6499 8862 297 4824 2666 6152 4481 9336 6693 2317 66 7506 8065 7538 8785 228 3500 4907 3972 2840 2518 536 2235 3563 9570 1464 1231 7132 8668 7683 3369 432 2453 1608 143 5943
124 1384 4132 1175 5135 6727 4059 8151 5516 3217 1151 2470 1424 762 1473 8334 5936 4541 2117 5893 2850 3690 9516 2312 6468 5526 9991 6178 9157 3166 9618 5219 2752 9789 3421 2604 176 6973 2255 2988 15 910 5888 9938 6076 2642 2781 4497 1845 7490 9206 5627 6107 1484 6135 972 9231 1306 6924 7971 9632 1850 8207 1196 7965 88 1855 99 5823 2901 9352 1532 8296 9642 7209 8869 9721 4457 1379 2369 3673 6620 5325 7556 8936 5648 2439 8726 760 1050 9920 6939 453 1143 529 8929 7968 4511 3602 5604 3877 1166 6450 2156 6918 2961 511 6245 2531 8114 1496 1063 2465 4128 7613 4521 2126 1825 6709 2810 4018 2124 919 3043 6153
117 3102 6448 8973 4014 7050 802 5712 6562 3904 3086 5447 6057 361 3632 6155 5383 7619 6429 1516 4871 9007 3861 5070 9867 639 4171 6040 765 5079 8308 2786 5718 9567 8041 3187 658 3540 2675 9319 3134 3231 982 7862 5733 616 6957 2018 14 3788 7363 2965 1368 4022 3658 8959 4966 5175 939 7769 8729 7306 7461 7796 3607 6265 8572 7898 1989 1155 3839 9988 4091 9792 9645 4101 3940 5055 5786 7786 5410 2574 8213 1525 1688 9518 7477 5243 4764 2405 9502 8891 4803 4097 8649 2452 8544 6400 3475 3878 1351 8122 4490 8848 5392 2528 4333 7882 243 5484 92 4594 7793 3598 1124 7548 8623 9104
128 4733 4494 8629 533 7183 1613 6889 98 2797 360 6538 542 272 6462 6083 8208 9887 7215 9320 8547 3375 9932 1641 2316 6242 9481 7895 3485 5122 4529 9640 1318 8679 7421 2370 3030 5081 7645 7617 48 888 464 3316 9113 2381 5366 3207 3941 9779 6056 5002 2165 855 7829 6115 2443 3741 8268 3926 5736 8808 301 5272 1240 4140 36 2799 6866 2424 6184 2844 7565 3860 1095 1288 3662 9424 5807 5678 8477 7699 3472 7226 8757 9339 5294 3354 3130 4687 3203 6138 7693 9705 5923 6559 7425 3037 9476 3018 9731 6552 6566 1024 2402 4462 9929 6318 2091 408 6232 6380 9617 2905 922 8927 917 6483 7214 7194 4364 7514 4448 6479 5597 5106 9572 457 3135
120 7481 1085 4948 7044 9987 5650 5088 7445 3525 9167 4922 1934 3718 673 7120 126 1445 4841 4306 6509 7052 6689 5477 3452 3325 1891 5077 3201 9857 1589 2067 2451 2514 1106 1123 3910 9853 9018 9793 8651 1287 6001 354 9385 9429 1080 4222 8744 27 9746 4461 6297 5547 1556 1893 1797 2924 6460 8120 8383 6951 5890 2976 4503 1575 9081 244 6342 7260 3295 5269 9562 6452 4464 9358 8940 4654 2898 4519 3292 7295 8659 3202 9881 7685 6529 9223 9309 1493 1803 3 3787 1 708 1314 296 5762 2914 8992 3746 9573 4469 4356 3460 3380 2771 7396 6214 1134 2201 9469 804 4281 4903 7690 3480 4283 8143 8625 13
108 2922 4735 7801 2792 887 6351 8883 6798 7762 6920 8747 9512 7656 2128 6181 9832 8292 3589 6167 2892 7333 1784 3095 860 1895 1489 7017 7949 8118 7534 5756 8950 9957 107 1731 6308 3110 967 7508 7979 221 7750 9856 1189 4328 9208 1597 487 9553 2064 7486 3377 1200 8495 1215 1550 1436 5567 3672 251 8423 6988 2854 2849 2690 4436 2519 9802 9276 3524 6799 5578 986 8858 410 8224 8186 2803 8179 6737 1522 8575 3445 5436 177 6572 449 4859 4028 148 1281 208 6702 1108 4540 4509 9935 2880 4944 2264 7809 8047 3178 6162 8342 1920 286 3519
117 2636 8460 291 8474 8219 2833 4600 3468 4672 1691 314 1474 543 8309 1432 844 353 7216 3835 9253 9321 9859 2480 6431 8664 3326 9224 4121 1687 6113 4344 9961 7102 2256 3675 3600 7074 6302 9402 4598 3197 4860 1745 239 5549 3548 5922 2356 2699 9478 2471 5240 8187 7287 7740 5239 1205 6023 6641 3816 4262 9581 9797 8571 8291 7045 5144 5583 3002 1044 9937 7374 2479 4543 8690 3405 4607 9383 2617 1880 5200 4398 6531 5506 4209 6785 4979 4426 7114 7614 7549 2380 9982 9550 7227 872 1752 8830 6946 1254 9437 6782 5985 4095 8748 560 9695 9271 8281 5929 6609 4901 8871 5474 2790 5745 7153
120 6896 6980 3378 8512 6547 3747 2551 4024 6546 3362 9386 7345 987 8887 9601 1518 9330 8435 215 234 6763 5195 5707 9137 9064 6719 4872 8564 758 8104 2755 8302 1067 1035 5492 1909 64 9019 9084 6817 1555 2739 2042 7142 3927 9156 9315 9843 2342 3890 6764 7701 8515 1269 3810 2930 2860 474 6487 2641 8301 3015 7947 1601 8836 875 7849 3157 1979 7778 2486 6205 8717 8136 2645 9624 9247 749 8414 8073 2550 5407 1074 662 593 5705 2011 7788 1717 3175 8430 8672 4601 1699 3730 6366 2862 6732 8183 1192 9743 4836 7318 7422 8170 8775 6426 3103 3845 868 9628 6223 9183 6225 6016 8028 7019 3020 2662 8534
110 7035 5284 7606 1507 2413 2063 4501 8628 6201 227 8529 8924 5463 1541 7297 443 5084 4391 5125 5428 1931 7284 2371 6751 4443 5494 1233 6002 2107 7627 9454 3394 5467 6600 4518 8806 2515 1898 3165 2103 5017 6542 6196 3858 9620 4817 1435 6145 9070 1949 5933 4885 253 6005 4365 347 5350 8006 2909 3734 6332 782 6473 797 6670 4910 2040 2726 7803 7086 7081 790 5925 6161 2541 4466 9758 1837 715 3034 6074 779 4487 8022 3409 1090 1383 2962 172 2433 6915 6170 7772 7995 4573 1758 1226 1499 2788 4078 7101 5131 9284 5372 2725 4021 6993 7525 4759 3350
116 38 8918 8749 8356 5732 4151 4804 1959 4312 2938 3552 30 6295 3463 3886 9646 1182 8320 6679 494 4592 7698 4376 29 9389 9403 608 1917 9588 128 6165 8201 2060 6089 3367 4166 3557 8178 8070 9911 2421 1770 2703 6589 6718 8197 3755 4982 6350 1249 787 4638 3263 4439 9496 6824 4288 1476 1796 1081 7911 7088 2318 59 8584 8553 7058 4303 7972 2847 2121 6075 8428 2205 2440 6137 5162 5455 852 2207 8024 5854 9086 7703 3897 6024 7892 3719 7439 9718 7974 8129 7857 7112 3987 3561 2051 2284 9191 943 4482 9337 2866 4997 9606 7860 8391 1262 6034 7531 2564 5688 4299 3611 5342 3641
122 8053 9598 7488 4776 7781 6131 6412 2813 8767 7341 5621 4400 2559 5965 9141 6111 6991 6864 2937 9629 5390 729 6368 1849 485 7861 1872 7730 4502 4970 161 142 7056 8682 4340 6524 4853 5493 7201 1176 4278 8624 8466 647 5813 8851 7211 8966 585 5602 8389 8894 4641 294 3252 414 6168 6828 3527 466 3239 688 1858 5877 8193 7268 3233 5433 1401 4819 6580 774 9923 5434 8002 68 5086 6922 681 4781 4395 3783 8509 9354 7070 1239 5143 5355 1190 8504 3423 2425 3657 3169 6417 2919 6630 5201 5187 1169 6003 5979 4990 2102 6720 6200 9699 2031 2882 3539 8311 6472 6602 1282 6551 3136 3505 2052 1028 9005 1664 7659
112 1158 35 9648 5104 703 4747 458 34 1177 3045 2960 9591 6336 1725 9538 9490 9692 5357 7247 6975 8287 9895 7618 6714 9411 9046 2987 5515 5591 8049 289 8377 7316 4040 6803 1531 5698 6077 3789 4939 958 2923 2827 7852 648 8366 9363 7170 7458 7431 9139 9281 8138 3065 2388 2096 5863 3204 4977 794 7304 3774 6556 3777 5267 6945 5512 8298 4102 222 6117 2585 6198 3278 6707 7987 2161 1173 9308 2637 5971 578 4381 6151 6730 4252 7754 2412 7768 4224 8978 2430 3676 7774 9258 9563 4435 8434 7654 3682 5242 9976 9816 7057 6359 7203 5322 4707 6219 9286 9741 4784
117 9107 6926 4960 9868 5540 6520 4765 4626 1830 3983 1730 6901 5904 5987 2394 3465 3916 6238 3106 7791 738 7164 438 656 9973 6660 6986 2991 4013 4055 1220 5999 2185 1022 6067 600 238 3936 4659 2811 7635 4451 6022 7465 350 5934 9509 1924 7879 8497 5367 4476 1459 5898 8196 9939 8903 9099 8003 3470 4974 3799 6856 6314 8035 2933 9026 3819 5838 9927 8340 1966 9297 8255 3299 3141 7733 4161 3985 5343 3950 7901 2233 9396 3474 4231 2625 1839 274 6938 8055 9451 2065 9930 3995 6845 9218 3685 9300 3834 8157 2744 3119 6906 6700 5964 4030 7729 337 6876 2586 740 4041 1657 611 626 428
106 147 1148 865 9078 8407 74 5995 2308 7567 7319 4418 3395 6237 5302 158 4169 3873 9774 8072 85 2967 9631 5475 5159 2802 3942 8711 9367 8967 942 8707 5408 807 2516 3887 6459 5749 8859 3035 9659 5706 9984 1698 6070 8740 8325 9051 668 4446 3642 2595 2776 6319 5905 4190 8930 8228 1590 1075 1273 1140 6263 9431 2972 5956 9493 9021 7519 1285 2571 6597 7973 7896 8042 5426 6633 8609 8125 6098 4812 535 7429 425 9788 5595 8641 2757 4909 6590 4370 9926 6502 7672 5939 3728 7259 5771 2815 6668 3339 3526 9657 2536 6869 5704 2628
121 9274 7377 6179 8877 4082 9719 2818 757 6187 3699 6627 5551 62 2457 1756 8142 8920 479 6653 937 5665 1252 2949 7936 5380 5534 9302 3781 7808 777 9678 4947 6950 3053 6250 3435 2864 9799 2310 8550 6020 7770 4077 522 3160 3736 7830 9842 3486 4843 5582 5174 4098 848 3256 5894 6216 4174 6539 2918 1551 6007 8587 3406 2994 8578 1245 8263 4942 3698 8359 566 9596 6397 546 5837 1865 7969 9713 7065 9178 6402 1156 6949 2037 1667 7845 2843 5142 5660 1369 5670 7267 7599 4369 824 9818 8863 8494 8602 16 5556 5102 8980 1171 7912 1297 8046 3473 2118 4047 6661 3575 3707 1653 7858 6902 4002 8240 1216 2989
120 9421 1950 786 8935 8559 2981 4235 8192 3684 5044 4168 419 6526 7122 9722 5476 3060 8204 7006 6053 7798 7362 5714 5206 8373 5472 6910 4301 4427 1750 6884 8034 312 4514 2287 6492 4584 9368 6194 5959 8554 7084 525 7816 1441 4838 684 8314 3310 2482 1645 4204 776 4367 5511 1529 1677 9554 1485 61 7257 1395 1236 6747 8473 707 5183 4243 2596 9898 1350 9226 1056 8333 7759 3117 6834 615 4616 6898 731 279 1754 7491 2547 6595 8513 4048 5454 575 206 5247 1450 619 3129 7558 9304 2893 4640 6687 4908 2829 1323 8313 9612 5683 7026 6650 795 5546 6942 5349 7350 5461 7805 5271 9753 3636 766 366
122 9190 8985 8238 2871 9052 1521 3026 2986 1790 8482 3809 7916 3318 6049 4690 8854 6636 315 6084 8689 7071 2269 755 7511 2635 2267 3757 3497 1211 9801 6306 4073 935 4682 1562 8735 6614 4039 7033 3290 4146 1715 4092 2836 733 7055 7790 8216 8260 5108 8063 1103 5680 7741 5674 4647 8552 9851 9575 4779 3438 9623 2634 7906 1327 2404 1821 5537 2220 9672 5093 6814 2835 3868 2066 8417 8839 1232 5488 427 8645 193 2927 9580 846 2403 6944 3078 7484 5236 3073 9093 9804 3036 79 8237 7308 9683 3111 2309 1136 4796 2997 689 7738 7747 9663 8530 5221 6405 9605 2845 2028 5690 588 6537 81 7668 313 5570 305 6430
117 7795 1201 2068 6087 4150 1429 2999 6036 2916 3121 8133 6418 7246 8885 9009 9933 3702 4632 3870 1723 3737 6017 3714 4266 7661 9651 4330 2325 7039 1004 4723 4930 8518 8857 5432 7482 6629 9687 3246 9359 4029 375 173 2549 7369 2831 2057 7346 9393 395 1513 761 9860 8431 2131 3866 1227 6379 8331 5394 3958 5726 7680 3413 2745 6278 2784 4963 1411 3334 4954 1543 2717 2934 5412 4618 5292 8818 1733 5884 6519 7873 7312 179 2242 7561 1094 5957 3815 8616 3144 7528 6992 7881 4995 556 7416 1545 1635 1062 9160 5921 9765 1963 5559 5049 1614 4624 9096 4946 377 5725 309 5176 2719 2548 9110
116 5821 1852 2851 4586 7079 1275 8795 4004 8736 2613 7059 3616 1915 9515 2445 6933 4611 3090 7468 1041 1304 3304 9766 3618 4558 2058 7587 8236 9415 6721 4307 8370 499 2014 821 1644 3200 3096 5227 83 7478 5638 6484 6277 9670 9686 2522 5452 9333 4964 9666 8837 5886 2375 3949 3899 9268 2362 2116 2200 3433 1841 3828 1100 1818 9293 2512 5358 4535 8282 4198 2759 7208 8899 4188 9260 4962 2620 3112 8842 4655 3554 1741 5015 8295 6011 1045 9180 831 6767 810 5444 4316 7726 2466 3313 8084 1137 9121 5628 2948 1470 9417 711 3183 7532 1916 3356 7704 7630 4269 7368 3831 8339 2141 5258
118 9934 6528 437 9462 1228 9689 8579 2653 3118 7213 8397 429 6812 8156 8284 9382 1034 2572 9764 6997 7446 8115 6008 324 6353 4662 4504 4890 672 8721 2708 3733 6449 9433 7827 3372 5152 4337 1407 307 5028 4454 883 9203 5386 7644 2203 3098 4692 4994 6870 4274 2777 5625 9861 138 2188 4848 8328 8108 7327 8376 6416 5766 8987 8680 3655 6333 7210 9806 1578 630 144 4749 7872 7773 6658 9234 5265 3806 7351 8944 2993 2804 2434 2476 5420 7814 7154 1488 9195 924 6367 7835 6581 3775 534 3162 9787 4725 2971 3343 7382 5642 4120 3294 5651 720 7610 3670 170 1997 7676 5127 1672 4057 3265 1638
123 6995 5345 2021 3188 7311 1708 1765 3791 6156 3906 6606 4605 9441 4536 9209 8052 2896 3952 8209 5065 9557 5378 5833 325 1676 7313 3513 8347 8774 4498 8715 4911 6838 3267 2768 572 1020 3697 8639 5266 351 1471 7349 6765 6253 5279 4865 1863 3780 2651 5471 798 1495 1599 4755 2980 6794 4683 2656 8171 4089 6543 7385 8511 8249 6710 9848 5215 480 505 2237 362 3893 1185 1939 3756 8000 5446 8059 7348 7536 5561 9703 2865 6092 1929 1032 7361 6533 3303 4866 532 843 7364 2301 5067 2204 5896 1598 4086 678 385 7560 4700 191 1853 2406 1618 3044 7199 7636 1250 1162 8843 8030 9647 2257 8439 7523 4606 584 7067 7890
113 7692 3573 7749 3397 3646 3491 9053 4099 6831 861 3382 8573 3934 4054 3997 9921 8739 6019 9425 3960 9290 2225 5785 6327 8214 4475 8272 4413 7554 2386 5636 4888 9384 5600 569 548 4878 6316 7825 442 3763 1371 5445 7002 4778 1655 825 4407 6970 3507 2791 5875 4304 195 3308 9166 9725 7642 9970 8615 2794 772 6382 146 8456 4453 9036 178 6395 8463 6315 8025 7456 6563 2908 6916 6033 8974 8422 486 7527 9735 2646 7441 5154 8948 2872 9665 8203 5278 472 454 2395 2779 5986 4855 6874 2238 4277 3332 7878 2029 5719 3591 5772 2877 1944 8906 3301 9728 633 9834 7414
122 1448 9338 2968 6095 8404 5912 5702 8835 8723 5101 7804 6753 2890 6094 9523 6960 6375 9448 5451 6912 9090 9131 5829 9748 5532 3745 8937 9173 9955 1742 8829 8381 8457 2297 631 8068 1801 6647 589 2464 8738 5781 4084 4336 8819 2778 7339 2601 9609 6335 1674 8535 4875 9136 1421 2070 258 7365 3039 5121 2508 7185 4070 8541 7359 6085 451 7522 7771 7946 8695 909 9826 5994 6392 1526 4767 2227 6407 3840 7136 717 7234 7140 6530 5782 6685 5283 5085 5018 9891 6500 2352 7085 3004 4880 3982 7444 9404 7243 3123 9314 2834 6829 4467 1343 4404 4107 605 3150 5012 2260 1271 2936 9863 2861 800 8501 3145 5635 2208 9158
113 8655 6330 9893 565 5763 5903 8279 7442 5224 9542 7498 9366 2494 2190 6304 53 6485 5291 951 8253 977 96 3509 927 4984 8698 7939 582 4296 3054 6861 3768 2603 5951 422 6467 8815 7125 6027 5866 6285 2676 718 2146 7709 5397 2741 1125 7711 5845 9708 7640 7413 497 8996 6478 5058 1364 9387 3488 7559 6464 4383 6489 1025 7899 9716 7181 5096 7370 117 7702 8581 4270 2723 1874 2687 4167 7674 2210 8139 8286 7453 8283 2733 1494 9377 2456 3857 4792 3364 8691 4045 2715 9074 6969 4666 256 3569 7053 5891 7885 3415 4870 440 2446 9639 8071 7833 7620 8612 918 6908
116 4551 4207 3194 4397 5610 4620 1970 2517 3541 5307 4295 5027 8673 6688 4191 7914 2787 1896 6320 9457 5430 2089 9951 8716 2640 7417 7958 7930 2591 6069 3664 6891 3790 8092 9500 7394 570 3758 8867 2489 2754 4090 6618 8577 4343 1908 709 6678 9778 8847 9225 6476 2077 2539 2584 7780 9673 1938 3743 5915 3935 5169 1666 8676 8410 2639 4060 8654 5338 8056 2234 404 2644 8643 2530 4271 1317 6672 5919 913 3585 6099 7014 8524 93 2265 5365 3739 4548 9915 1749 7764 8499 7695 9133 4929 4346 1264 8471 8570 8526 7870 5427 9211 4564 6847 7454 1313 1978 8010 9270 1086 212 6749 2795 9616
119 7533 8069 6843 1706 7874 5194 4309 4768 8677 5646 6674 6280 5765 1986 8032 447 8195 4110 7256 162 597 1084 2345 687 8319 6191 9106 5907 3436 968 5329 6954 4251 8447 1965 496 4986 2108 6114 6082 4187 2252 6230 4973 4916 503 3653 412 1443 5581 6494 7926 9865 1813 9800 2368 9685 4066 5413 6927 9230 666 5820 3753 482 8923 4194 710 1648 7542 141 9447 2176 4968 4183 9693 2544 5865 6518 9215 6768 5042 340 7395 3323 252 4891 1320 2696 4991 2594 8371 184 7605 1500 9279 2982 2154 4750 7981 7387 4887 7687 610 7078 6284 1453 6486 3272 5179 1072 6120 3842 1626 6355 3748 9485 8849 3148
115 3701 4828 5399 5370 6731 3342 5318 6771 9918 2441 3076 4011 5968 838 853 6577 132 2679 6852 7649 781 2858 3749 3496 3911 5091 4375 4877 9622 6293 6671 5406 1152 8177 3229 840 7563 5730 4003 7957 3597 6729 2546 6221 3258 2505 1385 9701 2660 5822 4142 2429 4894 8904 7853 9854 284 7103 8116 1349 3288 9525 4556 9914 6521 6340 4943 9749 5692 4339 7407 7218 3142 6497 8912 2216 5100 7753 7182 9189 5572 4526 686 7250 2273 8780 6419 1651 9063 3744 4441 3244 9334 3725 3353 6787 4927 6177 5662 4912 4741 7927 8576 5500 6862 3601 4034 3411 705 9519 4895 9944 5729 695 7279
115 5230 7367 6511 8675 4155 5341 9082 5661 7196 3850 2709 1573 6180 1817 6605 4175 1060 9537 7597 5480 8820 8293 6557 2707 654 8436 1370 513 9350 2940 9075 4709 5481 5061 5913 424 826 3751 4212 3489 6777 2180 8870 8589 4531 3724 60 6549 1774 528 1605 2740 8182 8231 5524 9839 1213 283 1230 3709 9024 1439 1144 5327 7744 4331 5115 1951 7063 5853 3212 835 9585 5806 6806 9455 356 4716 635 5795 7934 9410 4757 3948 5257 7087 4736 4797 7518 5336 1856 9460 7046 8488 8500 1705 9353 1444 3778 980 6287 200 899 3226 5584 280 6821 1552 3695 5374 5612 3797 4157 7289 4613
126 3311 8343 8893 398 5286 5710 5264 6047 3427 8181 4730 4208 6512 8468 1033 6897 680 3255 4985 1942 9149 197 3978 3773 8419 8239 5234 2728 3663 7237 7352 4981 9931 5030 9795 4575 403 3338 1122 7998 3645 1354 674 4377 9067 9329 7448 2292 1207 5737 364 4380 9627 8613 33 3833 137 3847 1918 2339 7884 2306 7118 2950 4184 7239 1437 6281 1197 7463 5208 1021 9249 1975 2566 6227 961 2490 839 637 6127 2504 9467 1814 632 1016 1180 2000 571 164 6635 9958 3105 5045 9155 1565 2538 3285 9506 725 3052 3596 8140 5969 2789 3296 6513 2945 3158 813 1083 2039 6734 6048 6801 9347 8931 6 6535 6972 4489 653 3843 4144 332 3257
107 6826 9922 8465 6365 7083 9555 6842 9782 1580 2567 5022 7286 3639 744 3769 4051 8669 2258 7637 3912 4311 1229 8132 9401 2588 1807 2569 4260 3915 9344 3836 5004 6596 3075 4308 3307 3331 5963 8787 463 2462 4247 8670 2800 1932 8983 7765 5496 3147 2035 8811 5607 8358 9662 344 477 3898 8832 7543 2240 9464 6348 5743 1040 7435 1835 2367 9503 7330 2643 2447 8038 3126 470 9974 8580 2361 9 6458 7127 3612 1686 4873 1662 4495 9194 2333 7041 8841 2460 9138 2230 32 6708 31 5624 2016 4239 5553 5120 4115 8408 6695 2145 1811 9135 7177
117 6664 4244 7011 2286 1361 1685 1054 953 7806 932 2493 7566 7836 553 130 8860 5757 247 8943 3729 5694 4425 7241 5066 4743 6571 7512 7460 9714 9175 1591 8900 8330 4393 9233 1276 7855 3416 9566 7582 1465 9265 8354 4410 552 9977 2695 2105 594 8357 6550 1594 439 6090 8135 7220 4265 9906 4139 218 5538 9123 6883 2243 8189 186 4574 9586 1941 7155 5977 3220 8733 2397 7712 2163 9039 1722 5859 509 3109 8637 441 7288 5569 6599 7116 7954 8582 1713 4449 1693 7386 7467 6386 2672 6578 5218 2428 1126 4852 5663 2218 1923 7049 7828 4839 7602 1815 4634 6723 8523 45 1844 2197 4795 9198
115 692 4126 1278 4530 1486 7042 6312 2473 6603 1988 3287 2846 5879 4218 9524 2852 1794 5469 7265 6369 318 884 2616 7922 1838 1472 7305 7894 4771 4975 6300 3565 1586 2215 5620 4200 363 9781 3344 9578 7807 7016 2984 2046 9397 207 4889 7745 6746 4851 9345 6026 3962 3674 1031 7720 5160 7591 7919 4156 9196 6982 1218 7036 9910 5932 3894 7191 8634 5304 9691 9430 6139 3929 6434 9042 1210 6058 4257 3634 2876 5011 2158 6220 8443 1647 8608 4619 8351 8061 6066 5352 1131 2099 1110 9094 5026 558 7105 3969 7008 3107 8267 828 3320 1398 2555 9482 4675 3531 3971 1696 545 598 9171
106 1345 319 4905 9449 9892 925 4791 9571 754 2758 6427 9263 4753 6541 3692 8626 6385 652 6469 5132 8212 7449 7294 5982 2663 7010 9513 9905 8345 3771 5882 1894 524 9222 8274 5337 3242 6740 5501 6482 1065 4840 9993 73 5078 8399 5843 264 3335 5972 8896 1827 8400 9996 5798 7193 6110 3624 6959 8462 1604 7115 1329 5064 2698 4353 9305 3838 8850 9704 7541 233 113 8925 7334 6666 5333 8758 1298 7111 343 6121 417 9850 3442 4411 7277 7846 5321 7557 2910 5521 5593 2132 8406 6149 7540 7404 2503 5499 696 7944 829 7151 266 577
116 4412 8771 7096 444 9244 3079 5885 9285 3994 8741 3173 1567 8261 6738 6030 9303 7800 8401 9246 1954 4009 3559 2041 3605 3359 1987 8458 6506 3247 2409 5576 3914 5701 5911 2247 3494 7794 8807 5134 1508 6403 5841 1658 6860 4106 2535 3921 56 9924 4637 5676 213 2097 9963 3864 2324 2377 263 4744 8881 1069 7073 110 3986 4863 7171 1919 6701 2670 3853 2608 1497 5073 5759 8353 7713 4961 9874 9073 2766 8067 7317 3750 8594 3711 8101 7984 7710 8048 4832 8095 3595 3399 7389 3384 706 9890 5211 5465 7578 6673 4897 1008 8152 6322 7383 8831 995 5681 7278 7821 1739 1694 9869 7553 3615
116 7499 636 6770 9169 6358 7590 1670 2602 3772 5831 6006 992 5842 5585 4363 4104 5172 6887 8285 4738 4783 89 1010 7128 8438 3865 6376 290 42 7332 8158 641 8303 8728 3408 5331 4440 7850 9259 4037 9159 6433 1637 9734 8081 4563 9216 904 9250 9207 6863 6591 9823 4636 7956 7443 8674 6858 9400 9332 3885 6218 6370 5203 1751 165 2589 1709 952 6160 1661 7629 1712 9177 5709 6871 8684 4538 3001 8077 1854 6585 7675 1331 7343 976 3213 133 9990 1985 4898 4042 962 1998 5288 6652 8995 4516 1149 4137 6903 1958 4717 8569 8719 6393 747 1266 5808 9328 7147 3923 2134 2122 820 6839
111 5063 6554 7419 7358 1678 8454 9202 6106 6822 1153 495 7450 9656 2502 5767 5827 7844 6699 1113 1903 7784 5618 3786 6505 628 9949 7743 970 3041 9376 599 1683 2500 3881 6141 3072 4177 7344 7677 9322 9193 7040 8367 9294 4297 5486 9361 2275 9488 1956 4019 2140 9549 9808 6994 8033 9712 4629 5016 8493 101 8169 5643 9405 6516 6013 4323 5181 359 5716 9812 7007 4969 9526 2281 3732 2415 5062 947 80 7691 6307 9828 24 5114 5941 1840 4956 9475 8166 7281 5038 1434 3224 4424 9360 8981 8020 4430 8409 7516 5489 7650 2422 7163 2071 8315 7378 3260 1968 2874
120 5199 3088 4971 7909 8008 5308 8026 2557 8075 2543 5405 345 2329 5697 5878 3387 5396 9432 5462 5277 6331 2194 6408 149 6911 1738 1042 9884 9565 4071 1340 6209 6691 7889 4477 12 3153 2904 9255 4650 1622 4195 2782 1409 7751 2823 1746 127 3827 2307 4622 9819 6900 3374 736 8772 4206 7412 4813 990 8344 3499 1857 1571 1355 6835 1261 8834 1223 5978 3752 3140 5010 4978 3101 2592 1260 2920 2700 5024 2669 713 5513 7670 2775 3074 768 19 3279 1336 1077 4808 7980 4559 4473 1353 7818 4691 4572 8556 646 3214 8743 7121 8557 4472 6644 3715 3431 7933 9771 9621 5599 812 7574 3306 8932 9048 8506 1542
110 7505 2953 9420 1962 3361 9833 7935 5839 8568 5117 6583 1194 541 4108 9325 1014 3071 2223 7840 7034 576 811 55 369 1806 864 7098 5441 8153 1935 901 2389 1290 190 2870 1732 515 2693 994 3571 5577 9217 9736 7398 9220 4319 8355 6514 2127 6929 1995 17 1376 1760 7975 8909 9256 2047 3432 6781 6436 1316 1587 6937 2104 7716 6682 3137 6185 2467 5316 4596 5981 4590 6465 6625 4553 2773 3966 6865 1460 6837 1689 3956 210 867 9161 3669 9761 3259 9323 1695 9055 7940 8788 5818 3574 6189 8779 780 9900 5186 4118 4669 1834 2996 2045 6743 9912 3152
106 202 7823 9950 1129 6875 527 8448 5686 1772 682 6498 1051 6686 6820 1418 7592 7245 8004 3633 1707 5123 2305 7742 6576 1061 1238 3424 1195 84 6588 4362 3225 8514 5459 285 5177 9105 7188 8420 518 9130 5094 2250 1248 2048 9983 8126 4720 4450 5458 7000 4931 3884 3094 8310 617 7767 7883 999 6955 5550 7440 1433 979 1258 9474 549 2900 2760 7824 9487 4357 5874 7529 6323 1312 8324 806 7552 3807 334 1757 5510 5742 7192 2684 6105 506 2450 3588 5031 3932 1382 3846 2195 8536 3273 3404 2932 3628 7455 2629 1557 3963 7405 7555
115 1247 7792 7158 5812 595 2912 1438 5573 8489 1217 304 6378 8658 5113 2879 8701 8305 8586 2511 9126 7054 4987 1846 3572 9165 116 3876 9599 4437 4837 5954 1059 3033 8290 4831 4673 1930 6154 2889 9080 1400 7985 6343 5315 4591 5958 5836 9238 4382 7152 3630 3055 4329 4160 1422 3872 2358 5346 906 2897 5161 2816 4713 897 9312 8537 8257 3058 8884 1390 6268 7137 3434 5502 1864 7124 3412 8942 192 6457 4138 4442 6844 7173 516 8332 1778 3802 9997 5440 6255 7135 7162 288 1617 8044 2895 1836 5423 5379 9878 6930 5645 9723 1243 8951 9371 2319 2130 4727 9092 3506 7228 7384 3779
114 5895 5255 9494 1871 6243 6041 9066 4815 3184 3909 1170 1967 8363 3211 9852 7255 4989 817 4612 7029 7660 8245 7653 8009 8702 6130 3608 9885 683 9595 2343 9296 4384 381 9527 4268 6229 7876 3811 7626 9472 1242 9715 9619 6389 6776 9412 9040 9452 3346 7575 1781 6288 271 8812 6344 3814 2390 223 2824 9117 196 8299 6298 3464 3221 4520 5456 819 3108 1527 4658 7047 5138 4007 2274 6882 3177 7893 7261 8449 5210 10 1415 7342 6517 6935 1305 8663 6388 1646 9318 7301 9120 8809 5400 6390 6338 7593 9163 6769 5967 77 2805 6886 4595 491 9192 8650 8840 7697 2285 5794 2420
118 2563 400 9114 5588 886 8275 3049 5835 3210 3082 2808 7867 3999 2337 2008 6784 9269 3248 1600 1675 9306 2332 1719 1887 1948 2315 8853 1501 5071 1293 1425 3402 6758 3964 9313 4545 7175 1537 3666 9010 5682 2626 8898 40 9608 9365 9187 8697 1969 8131 1005 4695 169 8037 6857 8233 732 7763 7001 3988 978 246 8451 6414 4623 2169 9006 4105 4798 8066 567 2721 5281 9408 224 3329 4020 5354 5361 9214 5530 8440 1367 3262 8175 6756 7682 950 8734 6044 5700 7932 3300 5814 2454 5917 3453 4420 1787 5348 3896 7931 1727 921 3829 8424 7515 8264 1018 8416 8470 4241 8202 8938 7159 5871 8360 1921
116 3856 76 1630 1037 6362 4925 3368 323 5504 9129 7871 7106 704 8348 2978 6091 4094 9443 2661 8656 104 1102 2282 881 3138 1843 5908 863 5728 2326 1147 3922 5141 8280 2951 4025 4394 7983 8766 5945 9059 5857 4390 7372 471 4552 1097 118 3139 1477 502 3070 2842 8910 1812 808 1907 5347 4906 5753 9551 1019 5605 4879 5899 2458 4291 9484 8146 9625 4350 3241 665 8086 9254 5056 9720 1052 6387 3854 1996 3551 8326 1111 5151 6779 5166 2556 5850 2478 8172 5303 9824 3478 9532 2193 4588 7315 2724 7826 8657 2092 8161 1466 8106 7366 9739 2647 5809 1649 931 9307 8074 4143 7424 9568
118 7615 9592 9995 5529 217 3957 8349 4179 1595 1481 895 1632 3977 8062 7594 462 7848 3532 8561 1277 694 849 4415 5723 905 1490 5050 6868 9142 2841 8527 9917 6132 37 551 5711 714 7360 8023 3003 6222 946 1026 4185 6078 5780 6917 9311 300 7200 5630 4686 3703 5245 2659 9242 9989 5509 1055 8718 2003 7452 6272 4245 6825 7584 1253 1467 7530 3502 9770 4777 7371 973 3337 5128 1714 1777 2481 4814 9587 4186 8617 3508 6928 8591 6391 9062 4422 1982 6558 8039 1768 1274 9882 4920 6612 8259 8603 1933 691 2753 4846 2560 8934 4158 5249 9091 4135 5371 8588 9356 1656 8079 5209 8379 7604 735
