18 296 249 276 105 129 21 284 271 170 190 90 201 196 155 120 186 1 77
18 0 184 164 127 285 156 230 217 282 68 197 25 35 142 228 37 173 165
18 108 7 133 218 18 200 166 102 50 298 6 138 223 55 145 47 143 151
17 167 75 92 187 226 91 204 3 61 160 10 205 292 297 94 52 130
16 168 80 220 74 198 53 28 254 146 236 76 16 182 100 272 211
16 180 259 273 57 96 121 117 195 23 131 255 31 71 262 153 175
18 216 212 299 148 150 44 224 241 214 89 73 83 248 266 176 251 69 169
18 85 162 260 225 267 232 128 82 157 114 93 283 20 51 154 270 84 274
16 87 4 294 137 144 245 174 185 177 42 119 106 66 30 233 247
17 34 110 24 227 125 113 277 40 111 22 101 181 289 141 206 293 257
15 54 159 193 60 188 244 11 269 287 124 67 231 279 178 183
18 41 88 246 58 263 261 63 29 222 64 207 48 5 78 17 229 208 149
16 275 8 210 15 213 281 239 258 163 237 118 238 43 194 9 2
15 116 203 290 38 79 32 202 191 147 70 112 242 126 135 132
