750
252 991 
731 501 
510 988 
735 218 
378 
854 
379 
246 350 
374 
766 
734 
642 
506 
380 
255 
863 
767 
445 999 
895 
240 
888 
369 
486 
317 
222 
730 
308 
276 
351 
862 475 
474 985 
221 253 
748 
614 
758 244 
375 343 
476 760 
121 
220 
738 
502 
381 
890 
884 249 
509 
254 
990 763 
886 
507 
489 
761 
251 
948 
348 
764 
889 
493 
347 
229 
887 
500 
473 
785 
504 
725 
874 
755 
478 322 
861 759 
357 
243 238 
349 
480 
885 752 
626 
491 
873 376 
772 
371 498 
239 
472 
880 
499 
360 
361 
602 
505 
373 250 
135 
497 
335 306 
372 365 
869 
864 
997 
367 
860 
217 
337 753 
754 
893 
882 871 
746 
729 
822 
992 
356 
354 
983 
856 982 
492 355 
741 
994 
975 
858 469 
483 
733 
233 
878 
462 
852 
839 
234 482 
241 
377 
228 
865 
235 
848 
230 
479 
757 
186 
485 
508 
756 
593 
232 
900 
237 749 
194 
467 
345 700 
876 359 
282 
855 
979 974 
370 
309 
867 
213 
879 996 
326 
745 
724 
225 
574 
750 490 
966 
496 751 
727 
842 
346 
226 353 
978 
344 737 
74 
868 248 
411 
720 470 
465 464 
325 
364 
362 
342 
986 
736 
316 
950 
495 231 
989 
870 
713 
368 481 
477 
33 
980 336 
328 
859 
971 
86 341 
849 
366 872 
110 
811 
215 853 
245 
471 339 
742 
857 726 
998 
192 
984 981 
205 
260 
877 
647 
440 
719 
208 
850 
396 
487 227 
448 
732 
976 
333 
430 
207 494 
107 
212 
851 
247 
323 
488 
959 
457 
400 
242 881 
340 
778 
332 
831 
283 
461 946 
690 
352 
466 721 
570 
201 
463 
312 
296 
278 
219 
875 
453 
202 
747 
717 846 
925 
973 967 
435 
456 
39 
458 452 
768 
744 224 
639 
450 
969 
845 
329 
214 321 
906 
775 
441 
972 
954 
743 
829 
970 
320 
338 206 
847 426 
739 
236 363 
836 
324 449 
460 
784 
330 840 
931 
718 
678 
955 
965 835 
787 
454 834 
791 
958 953 
429 
25 
762 223 
42 
451 
827 
804 
299 
707 
709 419 
315 
358 
455 838 
515 
434 941 
964 
98 
956 825 
843 
899 
313 
442 
439 
421 
968 427 
141 
812 
777 
209 
841 511 
823 
844 
722 
960 952 
164 
311 
569 
944 
962 
436 
951 
905 
211 
716 199 
977 307 
310 432 
468 
824 172 
193 
331 327 
210 
447 437 
319 
942 
541 
818 817 
203 
837 947 
431 
815 
189 
649 
833 318 
303 
687 
702 
290 928 
416 
267 
692 
274 
961 828 
14 
715 191 
286 
197 
957 438 
391 
908 
712 
200 701 
728 
281 
820 
293 
261 
428 891 
821 
938 
935 
779 
963 
298 
446 
177 
912 484 
813 783 
301 
314 
540 
807 
913 
216 
937 297 
933 
826 
914 
404 
181 
287 
907 
644 
697 949 
174 
704 
930 740 
936 
896 
706 
723 
802 
300 
302 
176 
591 
832 295 
412 
680 
443 800 
538 
196 
703 689 
693 
304 798 
425 
655 
894 902 
830 
691 
389 
816 940 
170 
444 806 
809 
629 
711 705 
275 
433 
672 
184 
710 698 
272 
939 
699 180 
393 
922 
284 
334 
132 
291 919 
279 
781 892 
187 
934 422 
420 
683 418 
258 
688 
423 
819 
708 
932 417 
682 
182 163 
803 
792 
175 673 
288 395 
136 
924 
292 
656 
183 805 
694 
179 
190 695 
945 810 
142 
414 413 
305 
917 
530 
714 195 
539 
406 
178 
289 161 
926 
166 
165 929 
268 
677 
605 
793 993 
641 
160 152 
943 814 
397 
623 
169 168 
685 171 
794 773 
776 
671 
159 
198 188 
277 
634 68 
173 681 
409 257 
786 
140 
663 
675 668 
918 399 
73 
808 801 
780 
652 
403 383 
265 
799 
167 
790 
294 
909 904 
667 
145 
185 686 
654 
549 
916 392 
679 
927 788 
666 587 
648 
162 156 
127 
415 789 
122 
157 126 
638 
120 
285 262 
63 
151 150 
921 
646 
402 903 
154 
35 
645 
149 
405 271 
520 
408 382 
640 
676 670 
158 665 
898 256 
669 
611 
674 155 
139 
650 
387 
17 
138 625 
125 
651 765 
100 
797 795 
621 
109 
923 
556 
410 153 
62 
576 
3 
660 147 
624 608 
134 117 
70 
561 
87 
664 653 
596 
401 782 
658 
771 
560 
643 118 
635 632 
631 628 
89 
910 459 
597 
920 146 
16 
115 114 
390 901 
554 
143 388 
112 
911 270 
514 
92 
280 407 
592 
617 96 
263 384 
29 
394 769 
610 
116 622 
897 636 
24 
637 99 
129 123 
124 104 
111 
630 69 
11 
604 
113 
264 385 
618 58 
606 
13 
567 
23 
108 101 
103 
148 
565 
105 82 
48 
95 595 
90 
85 590 
78 
594 
128 633 
613 
603 599 
83 
659 269 
43 
424 273 
519 
620 619 
584 
102 612 
97 607 
532 
266 770 
75 
616 
106 
50 
615 93 
81 
79 585 
600 88 
41 
598 72 
589 57 
915 657 
77 
588 
94 84 
558 547 
551 
38 
575 
76 586 
71 580 
563 46 
601 582 
546 
80 583 
5 
133 130 
21 
64 573 
49 527 
568 55 
555 
543 27 
52 51 
557 
4 
516 
523 522 
517 0 
661 398 
56 
684 796 
518 513 
7 
524 8 
525 512 
15 10 
526 
562 521 
537 12 
20 2 
529 528 
534 6 
544 535 
36 30 
559 
531 
774 131 
31 542 
44 40 
26 18 
34 
536 
553 32 
550 
47 545 
22 
9 
60 
137 259 
37 548 
578 54 
566 552 
572 53 
577 571 
579 564 
19 
66 61 
581 59 
45 
609 65 
533 
28 
1 
144 386 
91 67 
627 
662 119 
995 866 
204 696 
987 
503 883 
